Time Img,No. Cell,Threshold Cell,No. Lys.,Area Lys.,Perimeter Lys.,Centroid Lys. X,Centroid Lys. Y,mCherry_Mean.,Venus_Mean
1,1,1862,1,1,0,192,309,828,608
1,1,1862,2,1,0,194,307,738,467
1,1,1862,3,1,0,202,314,629,362
1,1,1862,4,1,0,207,295,892,176
1,1,1862,5,1,0,207,299,654,129
1,1,1862,6,1,0,207,308,1093,770
1,1,1862,7,1,0,207,310,807,1049
1,1,1862,8,1,0,208,281,1021,0
1,1,1862,9,1,0,208,283,979,148
1,1,1862,10,1,0,208,297,636,757
1,1,1862,11,1,0,208,320,731,435
1,1,1862,12,2,3,212,284,1049,763
1,1,1862,13,4,6,212,302,864,520
1,1,1862,14,2,2,212,293,719,395
1,1,1862,15,1,0,212,314,812,388
1,1,1862,16,1,0,214,271,816,769
1,1,1862,17,1,0,214,281,781,569
1,1,1862,18,2,2,216,265,873,623
1,1,1862,19,1,0,218,281,761,565
1,1,1862,20,1,0,218,300,647,509
1,1,1862,21,8,12,224,292,1050,540
1,1,1862,22,2,2,223,303,882,949
1,1,1862,23,1,0,223,266,644,434
1,1,1862,24,1,0,223,301,642,0
1,1,1862,25,1,0,224,298,632,436
1,1,1862,26,3,3,225,275,951,544
1,1,1862,27,6,7,227,308,1055,808
1,1,1862,28,1,0,226,268,652,375
1,1,1862,29,4,4,227,289,1057,794
1,1,1862,30,1,0,228,268,643,335
1,1,1862,31,1,0,228,278,751,593
1,1,1862,32,1,0,233,280,663,374
1,1,1862,33,1,0,233,286,709,405
1,1,1862,34,1,0,234,295,642,169
1,1,1862,35,1,0,235,289,713,103
1,1,1862,36,1,0,240,289,630,565
1,1,1862,37,1,0,241,293,1276,1326
1,1,1862,38,1,0,242,288,660,525
1,1,1862,39,1,0,243,286,1089,759
1,1,1862,40,1,0,249,328,630,90
1,2,2461,1,1,0,253,348,1965,1131
1,2,2461,2,2,2,258,365,1572,758
1,2,2461,3,1,0,262,373,1724,835
1,2,2461,4,6,12,269,369,1499,820
1,2,2461,5,5,9,270,372,1473,964
1,2,2461,6,1,0,270,351,1915,989
1,2,2461,7,1,0,272,340,1160,788
1,2,2461,8,2,2,275,370,1580,575
1,2,2461,9,1,0,278,370,1345,480
1,2,2461,10,1,0,279,372,1227,732
1,2,2461,11,2,2,281,342,1143,740
1,2,2461,12,2,2,281,365,1764,1273
1,2,2461,13,1,0,282,354,1496,1056
1,2,2461,14,2,2,289,344,1487,1396
1,3,1758,1,1,0,248,163,949,390
1,3,1758,2,1,0,268,181,1235,580
1,3,1758,3,4,5,274,177,1088,580
1,3,1758,4,1,0,274,162,1175,648
1,3,1758,5,2,2,274,187,1039,538
1,3,1758,6,3,5,275,191,1050,646
1,3,1758,7,3,3,277,178,1046,306
1,3,1758,8,6,7,280,187,1200,461
1,3,1758,9,1,0,281,191,1028,308
1,3,1758,10,1,0,283,167,948,262
1,3,1758,11,2,2,284,182,1404,510
1,3,1758,12,1,0,286,176,1470,563
1,4,1492,1,1,0,256,285,635,143
1,4,1492,2,1,0,257,288,998,580
1,4,1492,3,2,3,263,288,569,249
1,4,1492,4,1,0,263,292,608,416
1,4,1492,5,2,2,265,299,671,333
1,4,1492,6,1,0,267,286,876,226
1,4,1492,7,1,0,275,302,589,352
1,4,1492,8,1,0,276,281,638,365
1,4,1492,9,2,2,276,296,641,273
1,4,1492,10,2,3,285,293,626,303
1,4,1492,11,2,2,288,293,722,402
1,4,1492,12,1,0,294,298,630,93
1,4,1492,13,4,5,301,301,697,367
1,4,1492,14,1,0,304,303,709,60
1,4,1492,15,1,0,306,333,656,254
1,4,1492,16,1,0,308,305,1014,0
1,4,1492,17,1,0,309,300,666,348
1,4,1492,18,1,0,319,335,550,289
1,4,1492,19,1,0,321,333,678,130
1,5,1341,1,2,2,294,168,896,338
1,5,1341,2,1,0,296,167,703,631
1,5,1341,3,1,0,297,154,539,174
1,5,1341,4,2,2,297,176,653,617
1,5,1341,5,2,2,298,181,614,214
1,5,1341,6,2,2,297,185,632,437
1,5,1341,7,1,0,299,171,546,189
1,5,1341,8,1,0,300,193,572,558
1,5,1341,9,1,0,304,163,609,407
1,5,1341,10,1,0,307,153,566,425
1,5,1341,11,1,0,309,153,612,437
1,5,1341,12,1,0,312,157,919,555
1,5,1341,13,1,0,312,164,652,433
1,5,1341,14,2,2,315,164,919,753
1,5,1341,15,2,2,318,169,750,738
1,6,1479,1,1,0,333,343,609,341
1,6,1479,2,1,0,333,345,619,39
1,6,1479,3,1,0,336,345,1245,741
1,6,1479,4,1,0,336,354,761,303
1,6,1479,5,1,0,338,341,617,342
1,6,1479,6,1,0,340,345,693,166
1,6,1479,7,1,0,340,352,644,0
1,6,1479,8,2,2,345,356,579,552
1,6,1479,9,2,2,347,351,580,184
1,6,1479,10,1,0,347,353,753,374
1,6,1479,11,1,0,350,316,574,352
1,6,1479,12,3,3,353,313,787,120
1,6,1479,13,2,3,355,312,595,590
1,6,1479,14,1,0,354,336,596,230
1,6,1479,15,2,2,357,310,835,204
1,6,1479,16,2,2,358,314,578,235
1,6,1479,17,1,0,361,304,774,125
1,6,1479,18,1,0,364,303,713,646
1,6,1479,19,1,0,370,347,825,393
1,6,1479,20,1,0,381,302,590,175
2,1,1852,1,1,0,194,313,726,570
2,1,1852,2,1,0,203,313,626,372
2,1,1852,3,2,2,207,308,1305,454
2,1,1852,4,1,0,207,310,1135,718
2,1,1852,5,2,2,211,290,694,261
2,1,1852,6,2,2,210,300,935,739
2,1,1852,7,3,5,212,283,823,719
2,1,1852,8,2,2,212,294,862,660
2,1,1852,9,2,2,212,303,807,369
2,1,1852,10,1,0,214,266,622,32
2,1,1852,11,2,3,215,271,1161,650
2,1,1852,12,4,4,217,263,848,558
2,1,1852,13,1,0,217,288,745,562
2,1,1852,14,1,0,219,262,708,198
2,1,1852,15,2,2,220,313,653,309
2,1,1852,16,2,2,221,288,744,430
2,1,1852,17,6,10,224,293,942,519
2,1,1852,18,1,0,222,303,900,928
2,1,1852,19,1,0,223,290,806,741
2,1,1852,20,1,0,224,297,748,274
2,1,1852,21,3,3,225,275,981,733
2,1,1852,22,1,0,225,281,677,193
2,1,1852,23,1,0,225,301,803,437
2,1,1852,24,4,5,226,308,1361,966
2,1,1852,25,4,4,227,289,1071,700
2,1,1852,26,1,0,228,279,815,788
2,1,1852,27,1,0,228,283,659,228
2,1,1852,28,1,0,229,336,652,110
2,1,1852,29,1,0,232,293,673,109
2,1,1852,30,1,0,236,281,1097,430
2,1,1852,31,2,2,242,293,1245,803
2,1,1852,32,1,0,244,286,627,771
2,1,1852,33,1,0,244,293,649,306
2,1,1852,34,1,0,248,327,679,254
2,1,1852,35,1,0,253,330,633,144
2,1,1852,36,1,0,256,307,656,510
2,2,2464,1,1,0,236,366,1327,556
2,2,2464,2,2,2,254,347,1960,928
2,2,2464,3,1,0,258,364,1311,1051
2,2,2464,4,2,3,263,374,1416,836
2,2,2464,5,1,0,265,365,1240,475
2,2,2464,6,3,4,268,369,1369,822
2,2,2464,7,1,0,269,340,1669,952
2,2,2464,8,5,7,270,373,1880,991
2,2,2464,9,1,0,270,351,1427,949
2,2,2464,10,1,0,272,339,1165,1020
2,2,2464,11,1,0,278,355,1155,268
2,2,2464,12,1,0,278,370,1766,797
2,2,2464,13,1,0,279,342,1167,334
2,2,2464,14,1,0,279,373,1131,575
2,2,2464,15,2,2,281,365,1333,1315
2,2,2464,16,1,0,282,354,1380,1028
2,2,2464,17,2,2,288,344,1440,937
2,2,2464,18,1,0,291,349,1173,377
2,3,1763,1,2,3,268,181,1054,609
2,3,1763,2,1,0,273,162,1008,446
2,3,1763,3,1,0,273,180,981,503
2,3,1763,4,1,0,274,178,1290,679
2,3,1763,5,2,2,274,187,967,478
2,3,1763,6,2,2,275,190,1242,694
2,3,1763,7,1,0,274,192,929,618
2,3,1763,8,1,0,277,171,1057,755
2,3,1763,9,2,2,278,178,943,472
2,3,1763,10,1,0,278,168,1140,700
2,3,1763,11,5,8,280,186,1182,497
2,3,1763,12,1,0,280,191,1010,676
2,3,1763,13,1,0,282,167,939,301
2,3,1763,14,2,2,284,182,1261,548
2,3,1763,15,2,3,286,175,1051,571
2,3,1763,16,1,0,286,183,1196,485
2,4,1510,1,1,0,256,288,789,488
2,4,1510,2,1,0,262,294,576,203
2,4,1510,3,1,0,265,278,585,485
2,4,1510,4,1,0,265,295,567,256
2,4,1510,5,2,3,268,289,582,298
2,4,1510,6,1,0,267,297,578,108
2,4,1510,7,1,0,269,292,816,312
2,4,1510,8,1,0,271,287,682,293
2,4,1510,9,1,0,275,297,607,136
2,4,1510,10,1,0,275,302,670,55
2,4,1510,11,1,0,276,285,683,225
2,4,1510,12,1,0,284,293,952,427
2,4,1510,13,1,0,287,293,987,704
2,4,1510,14,1,0,293,297,609,34
2,4,1510,15,3,3,301,301,803,283
2,4,1510,16,1,0,303,295,719,498
2,4,1510,17,1,0,308,305,856,0
2,4,1510,18,5,5,309,299,657,382
2,4,1510,19,1,0,315,332,566,322
2,4,1510,20,1,0,319,334,602,25
2,5,1364,1,1,0,292,158,584,101
2,5,1364,2,1,0,294,151,613,200
2,5,1364,3,1,0,294,167,1253,540
2,5,1364,4,2,2,297,184,680,485
2,5,1364,5,2,2,297,181,651,245
2,5,1364,6,1,0,299,160,620,193
2,5,1364,7,1,0,300,193,837,717
2,5,1364,8,1,0,303,165,749,34
2,5,1364,9,1,0,305,174,805,208
2,5,1364,10,1,0,310,153,599,173
2,5,1364,11,3,3,312,157,704,423
2,5,1364,12,1,0,311,164,843,0
2,5,1364,13,2,2,314,165,721,539
2,5,1364,14,3,3,318,169,829,470
2,6,1484,1,1,0,332,344,613,80
2,6,1484,2,1,0,332,346,628,279
2,6,1484,3,3,3,335,356,605,300
2,6,1484,4,1,0,336,345,938,661
2,6,1484,5,1,0,336,348,578,552
2,6,1484,6,1,0,339,342,722,394
2,6,1484,7,1,0,339,347,739,103
2,6,1484,8,1,0,339,352,669,179
2,6,1484,9,1,0,340,349,569,376
2,6,1484,10,3,3,347,353,715,372
2,6,1484,11,1,0,350,316,946,270
2,6,1484,12,3,3,352,314,811,249
2,6,1484,13,1,0,357,309,706,504
2,6,1484,14,1,0,358,314,796,364
2,6,1484,15,1,0,361,304,586,358
2,6,1484,16,2,2,365,303,794,587
2,6,1484,17,2,2,366,299,700,466
2,6,1484,18,1,0,370,348,761,119
2,6,1484,19,1,0,374,301,701,83
2,6,1484,20,1,0,376,307,676,387
3,1,1883,1,1,0,195,311,669,145
3,1,1883,2,1,0,204,285,1100,309
3,1,1883,3,1,0,207,308,1604,652
3,1,1883,4,1,0,208,281,916,274
3,1,1883,5,1,0,208,321,670,139
3,1,1883,6,1,0,209,296,664,310
3,1,1883,7,6,7,211,283,765,438
3,1,1883,8,2,2,210,301,1153,677
3,1,1883,9,1,0,211,311,794,319
3,1,1883,10,1,0,211,314,658,0
3,1,1883,11,1,0,212,279,647,281
3,1,1883,12,1,0,212,292,740,306
3,1,1883,13,1,0,212,303,691,684
3,1,1883,14,3,5,215,270,1242,657
3,1,1883,15,1,0,217,288,1014,571
3,1,1883,16,2,2,219,266,905,524
3,1,1883,17,1,0,218,301,689,341
3,1,1883,18,1,0,220,289,670,573
3,1,1883,19,1,0,220,295,733,356
3,1,1883,20,1,0,220,313,754,477
3,1,1883,21,1,0,221,283,975,366
3,1,1883,22,1,0,222,286,934,662
3,1,1883,23,1,0,223,279,665,347
3,1,1883,24,1,0,223,292,667,636
3,1,1883,25,1,0,223,303,852,225
3,1,1883,26,2,2,225,276,1233,858
3,1,1883,27,2,2,225,293,1247,924
3,1,1883,28,1,0,225,297,683,661
3,1,1883,29,1,0,225,301,809,276
3,1,1883,30,5,5,226,307,1212,800
3,1,1883,31,4,4,227,289,1001,916
3,1,1883,32,3,3,228,279,717,624
3,1,1883,33,2,2,227,284,692,240
3,1,1883,34,1,0,227,336,723,499
3,1,1883,35,1,0,235,295,798,340
3,1,1883,36,2,2,240,289,1040,830
3,1,1883,37,2,2,241,293,1213,931
3,1,1883,38,1,0,243,286,682,677
3,1,1883,39,1,0,254,330,661,333
3,1,1883,40,1,0,256,309,655,234
3,2,2378,1,2,2,255,347,2143,1244
3,2,2378,2,2,2,258,365,1208,618
3,2,2378,3,5,10,262,370,1386,886
3,2,2378,4,4,6,269,368,1202,935
3,2,2378,5,2,2,270,372,1480,1306
3,2,2378,6,1,0,270,351,1500,745
3,2,2378,7,2,2,272,340,1215,792
3,2,2378,8,1,0,274,370,1624,702
3,2,2378,9,1,0,278,366,1033,408
3,2,2378,10,1,0,278,370,1082,1045
3,2,2378,11,2,2,281,365,1590,1347
3,2,2378,12,1,0,282,344,1060,393
3,2,2378,13,1,0,282,354,1189,703
3,2,2378,14,3,6,288,343,1524,896
3,3,1638,1,1,0,248,162,988,490
3,3,1638,2,1,0,249,166,837,489
3,3,1638,3,2,2,268,181,1095,350
3,3,1638,4,1,0,272,185,1162,350
3,3,1638,5,5,9,274,178,974,527
3,3,1638,6,1,0,274,187,1434,700
3,3,1638,7,2,3,275,191,894,620
3,3,1638,8,1,0,277,171,902,562
3,3,1638,9,1,0,277,178,1146,315
3,3,1638,10,4,5,279,186,1046,529
3,3,1638,11,4,6,283,182,1074,216
3,3,1638,12,1,0,281,188,1014,531
3,3,1638,13,1,0,282,167,1006,422
3,3,1638,14,1,0,285,176,1517,713
3,4,1466,1,1,0,257,282,615,229
3,4,1466,2,1,0,257,288,636,280
3,4,1466,3,1,0,260,284,596,491
3,4,1466,4,2,2,260,289,564,216
3,4,1466,5,1,0,263,291,548,380
3,4,1466,6,1,0,264,295,681,457
3,4,1466,7,1,0,267,280,545,527
3,4,1466,8,1,0,267,301,689,133
3,4,1466,9,1,0,275,297,631,0
3,4,1466,10,1,0,275,302,607,464
3,4,1466,11,1,0,278,282,655,279
3,4,1466,12,1,0,282,290,529,413
3,4,1466,13,1,0,284,293,716,458
3,4,1466,14,1,0,287,293,720,428
3,4,1466,15,2,2,301,302,873,430
3,4,1466,16,1,0,304,303,732,110
3,4,1466,17,1,0,305,296,567,322
3,4,1466,18,1,0,308,305,1174,132
3,4,1466,19,1,0,309,299,743,277
3,4,1466,20,1,0,309,309,550,0
3,4,1466,21,1,0,311,333,535,310
3,4,1466,22,1,0,313,334,775,498
3,4,1466,23,2,3,320,332,638,411
3,5,1415,1,2,2,294,167,704,491
3,5,1415,2,2,2,297,176,977,735
3,5,1415,3,2,2,297,184,912,603
3,5,1415,4,1,0,298,179,632,112
3,5,1415,5,1,0,300,193,656,369
3,5,1415,6,1,0,304,163,643,702
3,5,1415,7,3,4,305,175,650,260
3,5,1415,8,2,2,310,162,650,230
3,5,1415,9,1,0,311,164,649,209
3,5,1415,10,1,0,312,157,832,417
3,5,1415,11,2,2,315,164,989,378
3,5,1415,12,2,2,319,165,661,390
3,5,1415,13,1,0,318,168,1029,820
3,6,1450,1,2,2,333,346,624,112
3,6,1450,2,1,0,335,354,606,561
3,6,1450,3,1,0,336,345,839,653
3,6,1450,4,1,0,339,335,680,0
3,6,1450,5,1,0,339,340,587,433
3,6,1450,6,1,0,341,350,753,368
3,6,1450,7,1,0,342,357,560,375
3,6,1450,8,1,0,343,350,680,133
3,6,1450,9,1,0,343,353,620,367
3,6,1450,10,2,2,347,353,676,153
3,6,1450,11,1,0,348,356,573,92
3,6,1450,12,3,3,353,314,673,267
3,6,1450,13,1,0,355,355,539,0
3,6,1450,14,1,0,356,312,665,299
3,6,1450,15,2,2,358,314,800,421
3,6,1450,16,1,0,366,298,587,370
3,6,1450,17,4,5,370,348,668,280
3,6,1450,18,1,0,371,302,580,159
3,6,1450,19,1,0,373,304,544,0
3,6,1450,20,1,0,377,304,548,0
4,1,1871,1,1,0,192,309,966,641
4,1,1871,2,1,0,195,300,668,64
4,1,1871,3,1,0,204,314,669,501
4,1,1871,4,2,2,207,308,947,515
4,1,1871,5,1,0,207,282,704,371
4,1,1871,6,1,0,208,317,662,538
4,1,1871,7,1,0,209,293,644,159
4,1,1871,8,2,2,210,300,1159,644
4,1,1871,9,1,0,210,273,844,1
4,1,1871,10,4,5,211,283,889,393
4,1,1871,11,1,0,211,302,1550,1489
4,1,1871,12,5,5,212,293,993,709
4,1,1871,13,1,0,213,272,842,211
4,1,1871,14,1,0,214,283,651,333
4,1,1871,15,3,3,215,271,1416,638
4,1,1871,16,1,0,215,314,787,55
4,1,1871,17,1,0,217,288,822,414
4,1,1871,18,1,0,218,300,734,527
4,1,1871,19,1,0,218,302,718,296
4,1,1871,20,3,3,220,266,848,598
4,1,1871,21,1,0,220,295,646,321
4,1,1871,22,1,0,221,283,758,470
4,1,1871,23,2,3,222,287,664,836
4,1,1871,24,1,0,222,289,681,139
4,1,1871,25,1,0,222,335,735,329
4,1,1871,26,1,0,223,270,695,93
4,1,1871,27,2,2,225,292,1393,914
4,1,1871,28,2,2,225,276,834,527
4,1,1871,29,1,0,225,297,863,436
4,1,1871,30,5,6,226,307,1092,954
4,1,1871,31,4,4,227,289,1117,864
4,1,1871,32,2,3,229,279,984,509
4,1,1871,33,1,0,232,293,875,147
4,1,1871,34,1,0,234,277,794,214
4,1,1871,35,2,2,241,288,1103,1024
4,1,1871,36,2,2,241,293,1396,1226
4,1,1871,37,1,0,243,285,662,1308
4,2,2517,1,2,2,255,347,2061,1581
4,2,2517,2,1,0,258,365,1338,1074
4,2,2517,3,2,3,263,371,2069,1307
4,2,2517,4,1,0,262,374,1572,953
4,2,2517,5,1,0,266,352,1307,560
4,2,2517,6,5,8,268,368,1395,736
4,2,2517,7,3,3,269,372,1782,954
4,2,2517,8,1,0,270,351,1507,742
4,2,2517,9,1,0,272,372,1294,1673
4,2,2517,10,1,0,273,340,1256,1155
4,2,2517,11,2,2,274,370,1364,452
4,2,2517,12,1,0,278,370,1323,1048
4,2,2517,13,1,0,279,356,1180,576
4,2,2517,14,1,0,279,373,1479,745
4,2,2517,15,1,0,280,365,1458,1207
4,2,2517,16,2,3,288,343,1589,752
4,2,2517,17,1,0,290,342,1483,969
4,2,2517,18,1,0,293,349,1187,187
4,3,1702,1,1,0,265,148,971,762
4,3,1702,2,2,2,268,181,1062,516
4,3,1702,3,1,0,272,185,872,641
4,3,1702,4,1,0,273,180,970,657
4,3,1702,5,1,0,274,176,896,248
4,3,1702,6,1,0,274,178,891,977
4,3,1702,7,1,0,274,187,1014,283
4,3,1702,8,1,0,274,190,889,108
4,3,1702,9,1,0,276,175,1039,314
4,3,1702,10,1,0,277,171,1003,900
4,3,1702,11,1,0,277,178,938,403
4,3,1702,12,2,2,279,168,1081,440
4,3,1702,13,4,5,279,186,1144,661
4,3,1702,14,2,2,281,188,1270,230
4,3,1702,15,1,0,282,167,902,434
4,3,1702,16,2,2,283,182,1381,342
4,3,1702,17,1,0,284,175,936,383
4,3,1702,18,2,2,285,177,1098,552
4,4,1472,1,2,3,258,285,596,314
4,4,1472,2,1,0,261,284,581,427
4,4,1472,3,1,0,262,291,581,259
4,4,1472,4,1,0,264,292,722,309
4,4,1472,5,1,0,265,283,534,479
4,4,1472,6,1,0,268,282,673,3
4,4,1472,7,1,0,268,286,788,335
4,4,1472,8,2,2,270,292,687,289
4,4,1472,9,1,0,275,299,638,0
4,4,1472,10,1,0,284,293,567,571
4,4,1472,11,2,2,301,296,596,87
4,4,1472,12,1,0,300,299,529,218
4,4,1472,13,1,0,301,301,1619,640
4,4,1472,14,1,0,303,296,786,280
4,4,1472,15,1,0,304,303,920,259
4,4,1472,16,1,0,308,305,1262,0
4,4,1472,17,2,2,309,299,707,323
4,4,1472,18,1,0,314,335,577,224
4,4,1472,19,1,0,317,305,549,231
4,4,1472,20,1,0,318,332,580,205
4,4,1472,21,1,0,319,329,594,251
4,4,1472,22,1,0,321,335,583,255
4,5,1343,1,2,2,294,167,894,569
4,5,1343,2,1,0,295,158,551,141
4,5,1343,3,4,4,297,176,602,416
4,5,1343,4,1,0,296,184,794,510
4,5,1343,5,3,4,304,163,738,368
4,5,1343,6,1,0,305,176,735,314
4,5,1343,7,2,2,313,157,1123,738
4,5,1343,8,1,0,314,160,542,164
4,5,1343,9,2,2,314,164,641,508
4,5,1343,10,1,0,318,168,1026,692
4,5,1343,11,2,2,346,180,652,40
4,5,1343,12,1,0,348,180,532,29
4,6,1467,1,1,0,329,353,562,102
4,6,1467,2,1,0,333,344,600,433
4,6,1467,3,1,0,335,336,576,257
4,6,1467,4,1,0,339,341,571,204
4,6,1467,5,2,2,340,353,604,536
4,6,1467,6,2,2,340,339,670,296
4,6,1467,7,1,0,340,351,589,546
4,6,1467,8,3,3,353,314,667,249
4,6,1467,9,4,8,357,313,664,442
4,6,1467,10,1,0,357,309,619,427
4,6,1467,11,1,0,364,304,909,502
4,6,1467,12,2,3,366,299,615,402
4,6,1467,13,4,5,370,348,636,298
4,6,1467,14,2,2,375,308,629,289
4,6,1467,15,1,0,376,293,633,283
5,1,1895,1,1,0,193,312,674,328
5,1,1895,2,1,0,197,310,731,529
5,1,1895,3,1,0,206,300,720,63
5,1,1895,4,1,0,207,308,1158,670
5,1,1895,5,1,0,207,311,836,724
5,1,1895,6,9,15,211,283,893,462
5,1,1895,7,2,2,209,295,750,427
5,1,1895,8,3,3,210,301,970,1026
5,1,1895,9,3,5,212,294,766,685
5,1,1895,10,1,0,211,297,659,547
5,1,1895,11,1,0,215,261,856,355
5,1,1895,12,3,3,215,271,1241,729
5,1,1895,13,1,0,217,287,1121,278
5,1,1895,14,1,0,218,302,756,293
5,1,1895,15,3,3,220,265,950,630
5,1,1895,16,3,6,221,287,739,591
5,1,1895,17,1,0,221,292,846,356
5,1,1895,18,2,2,223,290,747,556
5,1,1895,19,2,2,225,292,1422,879
5,1,1895,20,1,0,224,300,735,385
5,1,1895,21,1,0,225,274,1750,853
5,1,1895,22,1,0,225,297,665,309
5,1,1895,23,4,5,226,307,1062,917
5,1,1895,24,4,5,227,289,982,741
5,1,1895,25,1,0,228,279,756,551
5,1,1895,26,2,2,230,283,669,311
5,1,1895,27,1,0,235,295,804,78
5,1,1895,28,1,0,236,283,664,317
5,1,1895,29,3,5,240,293,1259,1011
5,1,1895,30,2,2,241,288,1276,1052
5,1,1895,31,1,0,243,285,664,866
5,1,1895,32,1,0,248,333,659,152
5,2,2372,1,1,0,235,365,1128,287
5,2,2372,2,3,3,255,347,1912,1022
5,2,2372,3,1,0,258,365,1309,619
5,2,2372,4,3,3,263,371,1371,1025
5,2,2372,5,1,0,262,374,1752,983
5,2,2372,6,1,0,266,363,1647,491
5,2,2372,7,1,0,267,352,1372,710
5,2,2372,8,5,5,269,368,1321,818
5,2,2372,9,1,0,269,350,1333,770
5,2,2372,10,3,4,270,372,1321,652
5,2,2372,11,1,0,272,340,1152,1117
5,2,2372,12,3,3,274,370,1231,555
5,2,2372,13,1,0,279,370,1497,863
5,2,2372,14,1,0,279,373,1313,1313
5,2,2372,15,1,0,280,364,1581,1562
5,2,2372,16,1,0,288,343,2053,1509
5,3,1737,1,1,0,249,166,1071,97
5,3,1737,2,1,0,265,148,961,787
5,3,1737,3,1,0,268,181,1501,594
5,3,1737,4,1,0,271,192,920,717
5,3,1737,5,1,0,272,185,1142,111
5,3,1737,6,4,5,274,177,1132,472
5,3,1737,7,1,0,273,180,956,471
5,3,1737,8,2,2,274,191,1286,788
5,3,1737,9,1,0,277,171,1296,1013
5,3,1737,10,2,2,278,178,1041,324
5,3,1737,11,4,5,279,186,1244,614
5,3,1737,12,2,2,279,168,1087,734
5,3,1737,13,2,2,283,182,1175,399
5,3,1737,14,1,0,285,176,1680,394
5,3,1737,15,1,0,285,183,916,387
5,4,1463,1,1,0,256,284,538,458
5,4,1463,2,1,0,257,288,557,306
5,4,1463,3,2,3,261,285,605,273
5,4,1463,4,1,0,263,295,621,333
5,4,1463,5,1,0,265,284,655,392
5,4,1463,6,1,0,267,281,607,229
5,4,1463,7,1,0,269,287,605,590
5,4,1463,8,1,0,271,289,530,514
5,4,1463,9,1,0,276,295,568,473
5,4,1463,10,1,0,280,292,605,271
5,4,1463,11,1,0,285,284,656,0
5,4,1463,12,1,0,293,295,605,465
5,4,1463,13,1,0,295,317,555,115
5,4,1463,14,1,0,299,296,649,0
5,4,1463,15,1,0,301,299,539,482
5,4,1463,16,1,0,301,301,857,444
5,4,1463,17,1,0,303,295,677,256
5,4,1463,18,1,0,304,303,685,223
5,4,1463,19,2,3,309,299,586,367
5,4,1463,20,1,0,308,305,1131,0
5,4,1463,21,1,0,316,305,640,263
5,4,1463,22,1,0,319,309,588,431
5,4,1463,23,1,0,322,330,617,274
5,4,1463,24,1,0,322,335,540,215
5,5,1362,1,3,3,296,175,592,569
5,5,1362,2,3,3,297,184,1078,449
5,5,1362,3,1,0,298,180,1003,419
5,5,1362,4,1,0,299,157,561,90
5,5,1362,5,2,2,306,163,693,562
5,5,1362,6,3,5,312,157,1065,621
5,5,1362,7,3,3,314,164,718,360
5,5,1362,8,2,2,317,165,619,437
5,5,1362,9,2,2,318,168,1119,657
5,5,1362,10,1,0,346,188,654,177
5,6,1478,1,2,2,336,345,595,467
5,6,1478,2,1,0,336,354,739,422
5,6,1478,3,2,2,339,341,626,322
5,6,1478,4,1,0,339,356,587,500
5,6,1478,5,1,0,342,351,667,528
5,6,1478,6,1,0,345,352,630,264
5,6,1478,7,1,0,347,355,578,118
5,6,1478,8,1,0,347,357,655,163
5,6,1478,9,1,0,350,317,869,215
5,6,1478,10,2,3,353,314,833,405
5,6,1478,11,1,0,352,343,620,0
5,6,1478,12,1,0,355,312,597,396
5,6,1478,13,1,0,357,309,612,215
5,6,1478,14,1,0,357,314,872,395
5,6,1478,15,1,0,361,305,746,370
5,6,1478,16,1,0,361,347,678,218
5,6,1478,17,2,2,365,304,708,579
5,6,1478,18,2,2,366,299,758,281
5,6,1478,19,1,0,368,299,655,90
5,6,1478,20,1,0,369,348,1139,477
5,6,1478,21,1,0,374,333,820,403
5,6,1478,22,1,0,381,307,614,216
6,1,1896,1,1,0,197,318,715,67
6,1,1896,2,1,0,206,291,894,664
6,1,1896,3,2,2,207,308,1119,949
6,1,1896,4,3,3,208,282,804,604
6,1,1896,5,1,0,207,311,1063,707
6,1,1896,6,1,0,208,290,729,403
6,1,1896,7,4,6,210,300,836,1107
6,1,1896,8,1,0,209,322,740,259
6,1,1896,9,2,2,212,283,1156,900
6,1,1896,10,1,0,211,288,1045,63
6,1,1896,11,3,5,212,293,949,580
6,1,1896,12,1,0,211,310,749,466
6,1,1896,13,1,0,214,273,717,785
6,1,1896,14,2,2,214,284,736,449
6,1,1896,15,2,2,217,270,1430,623
6,1,1896,16,1,0,216,305,736,263
6,1,1896,17,1,0,218,301,900,571
6,1,1896,18,4,6,221,288,734,566
6,1,1896,19,1,0,220,265,1012,728
6,1,1896,20,1,0,220,296,691,193
6,1,1896,21,2,2,222,280,696,616
6,1,1896,22,1,0,222,286,1121,322
6,1,1896,23,1,0,222,291,660,833
6,1,1896,24,2,2,223,302,790,437
6,1,1896,25,1,0,225,274,1724,1201
6,1,1896,26,2,2,225,292,1243,606
6,1,1896,27,1,0,225,300,680,415
6,1,1896,28,5,5,225,307,1061,836
6,1,1896,29,4,5,227,288,1075,684
6,1,1896,30,2,3,229,279,906,593
6,1,1896,31,1,0,234,282,1246,1432
6,1,1896,32,3,3,239,293,940,743
6,1,1896,33,2,2,240,288,972,845
6,1,1896,34,1,0,242,285,1051,1306
6,2,2472,1,3,3,255,347,1787,927
6,2,2472,2,1,0,260,355,1125,1087
6,2,2472,3,2,3,263,372,1603,904
6,2,2472,4,1,0,263,368,1136,607
6,2,2472,5,1,0,263,374,1823,786
6,2,2472,6,1,0,266,363,1175,709
6,2,2472,7,1,0,267,352,1604,381
6,2,2472,8,4,4,269,368,1379,681
6,2,2472,9,2,3,269,372,1375,920
6,2,2472,10,1,0,269,351,1593,1039
6,2,2472,11,1,0,270,373,1456,729
6,2,2472,12,1,0,272,341,1503,1046
6,2,2472,13,1,0,272,372,1778,1087
6,2,2472,14,1,0,273,363,1175,35
6,2,2472,15,1,0,274,370,1266,356
6,2,2472,16,1,0,278,355,1262,670
6,2,2472,17,3,5,281,365,1492,868
6,2,2472,18,1,0,282,354,1153,913
6,2,2472,19,1,0,288,343,1616,2051
6,3,1684,1,1,0,264,189,1169,1137
6,3,1684,2,2,2,268,181,1070,427
6,3,1684,3,2,2,274,176,1016,297
6,3,1684,4,6,9,274,180,989,496
6,3,1684,5,3,3,274,190,1104,536
6,3,1684,6,1,0,276,188,849,520
6,3,1684,7,1,0,277,179,874,122
6,3,1684,8,1,0,279,168,1248,793
6,3,1684,9,2,2,280,185,1286,700
6,3,1684,10,3,4,283,182,1430,512
6,3,1684,11,2,2,286,176,1303,773
6,3,1684,12,1,0,285,184,900,399
6,4,1474,1,1,0,262,289,536,418
6,4,1474,2,2,3,267,285,575,254
6,4,1474,3,1,0,269,302,571,180
6,4,1474,4,1,0,271,291,544,536
6,4,1474,5,1,0,275,286,717,180
6,4,1474,6,1,0,287,293,557,469
6,4,1474,7,1,0,289,290,571,320
6,4,1474,8,2,2,296,292,648,283
6,4,1474,9,2,3,299,298,631,124
6,4,1474,10,2,2,301,301,981,408
6,4,1474,11,2,2,304,303,572,287
6,4,1474,12,2,3,309,299,552,441
6,4,1474,13,1,0,308,305,837,139
6,4,1474,14,1,0,308,308,584,63
6,4,1474,15,1,0,310,333,529,117
6,4,1474,16,1,0,315,315,639,42
6,4,1474,17,1,0,317,305,642,377
6,4,1474,18,2,2,317,335,678,588
6,4,1474,19,1,0,321,333,527,407
6,5,1414,1,1,0,293,159,621,157
6,5,1414,2,2,3,296,163,641,268
6,5,1414,3,2,2,297,175,937,778
6,5,1414,4,2,2,297,184,1388,586
6,5,1414,5,1,0,297,167,797,293
6,5,1414,6,1,0,298,162,631,287
6,5,1414,7,2,2,305,163,919,447
6,5,1414,8,1,0,305,176,685,271
6,5,1414,9,2,2,311,163,708,383
6,5,1414,10,3,3,312,156,931,767
6,5,1414,11,1,0,314,164,931,305
6,5,1414,12,1,0,316,164,654,138
6,5,1414,13,2,2,318,168,1017,807
6,6,1481,1,1,0,329,349,597,158
6,6,1481,2,1,0,331,346,740,244
6,6,1481,3,1,0,334,344,570,395
6,6,1481,4,3,4,337,344,605,511
6,6,1481,5,1,0,336,354,722,1049
6,6,1481,6,1,0,338,358,580,152
6,6,1481,7,1,0,341,352,761,151
6,6,1481,8,1,0,349,354,578,381
6,6,1481,9,2,3,353,314,773,351
6,6,1481,10,1,0,354,338,574,224
6,6,1481,11,2,2,357,309,778,425
6,6,1481,12,1,0,359,313,574,706
6,6,1481,13,1,0,361,305,635,273
6,6,1481,14,1,0,361,313,664,340
6,6,1481,15,1,0,364,301,591,267
6,6,1481,16,2,3,365,305,634,405
6,6,1481,17,1,0,365,299,603,565
6,6,1481,18,1,0,368,307,619,49
6,6,1481,19,2,3,370,348,1037,278
6,6,1481,20,1,0,372,333,578,0
6,6,1481,21,1,0,376,296,572,127
7,1,1929,1,1,0,197,310,687,0
7,1,1929,2,1,0,205,286,838,377
7,1,1929,3,1,0,206,291,1421,1250
7,1,1929,4,2,2,207,308,1430,659
7,1,1929,5,1,0,207,311,765,995
7,1,1929,6,1,0,207,317,1206,451
7,1,1929,7,2,2,209,282,921,726
7,1,1929,8,1,0,208,297,740,452
7,1,1929,9,3,5,211,283,950,380
7,1,1929,10,1,0,210,289,745,640
7,1,1929,11,1,0,210,301,864,731
7,1,1929,12,1,0,211,296,743,664
7,1,1929,13,1,0,212,287,754,597
7,1,1929,14,1,0,212,293,1035,453
7,1,1929,15,1,0,212,313,746,486
7,1,1929,16,3,3,214,285,778,420
7,1,1929,17,2,2,214,301,1172,1263
7,1,1929,18,2,2,216,270,1629,1028
7,1,1929,19,1,0,217,287,1241,916
7,1,1929,20,1,0,218,267,960,322
7,1,1929,21,1,0,218,281,746,361
7,1,1929,22,2,2,218,301,1288,530
7,1,1929,23,4,5,221,288,851,890
7,1,1929,24,2,2,223,280,1552,1393
7,1,1929,25,2,2,224,300,883,537
7,1,1929,26,1,0,223,302,1073,746
7,1,1929,27,2,2,225,274,1359,923
7,1,1929,28,2,2,226,288,1373,835
7,1,1929,29,1,0,225,291,1015,762
7,1,1929,30,3,4,226,307,1250,960
7,1,1929,31,4,5,228,279,848,701
7,1,1929,32,1,0,232,281,1674,1072
7,1,1929,33,1,0,232,336,705,623
7,1,1929,34,3,3,240,293,1056,848
7,1,1929,35,2,3,241,288,881,693
7,1,1929,36,1,0,243,295,686,191
7,1,1929,37,1,0,248,294,732,431
7,1,1929,38,1,0,255,305,771,482
7,2,2427,1,2,2,255,347,2285,1030
7,2,2427,2,1,0,260,355,1153,1017
7,2,2427,3,3,3,263,371,1711,883
7,2,2427,4,1,0,265,346,1081,479
7,2,2427,5,1,0,266,363,1475,436
7,2,2427,6,1,0,267,352,1165,447
7,2,2427,7,5,5,268,368,1433,824
7,2,2427,8,3,3,269,371,1456,797
7,2,2427,9,2,2,270,351,1285,983
7,2,2427,10,1,0,271,369,1417,795
7,2,2427,11,1,0,272,371,1582,650
7,2,2427,12,1,0,274,370,1809,963
7,2,2427,13,1,0,275,340,1192,778
7,2,2427,14,1,0,279,373,1649,968
7,2,2427,15,1,0,280,364,1263,1093
7,2,2427,16,1,0,280,369,1150,502
7,2,2427,17,2,2,288,343,1617,1351
7,3,1712,1,1,0,249,166,956,270
7,3,1712,2,1,0,263,189,1198,888
7,3,1712,3,1,0,265,147,935,777
7,3,1712,4,3,3,267,181,1105,407
7,3,1712,5,6,8,274,178,1025,525
7,3,1712,6,1,0,273,181,1076,746
7,3,1712,7,1,0,275,190,1724,970
7,3,1712,8,1,0,277,178,1357,238
7,3,1712,9,1,0,279,167,1377,485
7,3,1712,10,4,5,279,185,1278,669
7,3,1712,11,3,3,283,183,1397,532
7,3,1712,12,1,0,282,197,1133,689
7,3,1712,13,1,0,285,176,1569,485
7,4,1480,1,1,0,255,281,614,250
7,4,1480,2,1,0,258,286,555,425
7,4,1480,3,1,0,258,288,586,0
7,4,1480,4,3,4,259,282,624,289
7,4,1480,5,1,0,261,281,627,182
7,4,1480,6,1,0,261,291,648,234
7,4,1480,7,1,0,263,292,654,227
7,4,1480,8,1,0,265,288,686,272
7,4,1480,9,1,0,268,287,545,393
7,4,1480,10,1,0,287,293,694,437
7,4,1480,11,1,0,293,297,553,358
7,4,1480,12,2,2,297,293,588,190
7,4,1480,13,2,3,300,298,718,298
7,4,1480,14,4,5,301,300,787,241
7,4,1480,15,1,0,304,302,540,245
7,4,1480,16,2,2,308,299,654,343
7,4,1480,17,1,0,313,333,581,402
7,4,1480,18,1,0,324,331,618,240
7,5,1329,1,1,0,293,163,622,369
7,5,1329,2,1,0,293,167,737,335
7,5,1329,3,1,0,295,181,536,406
7,5,1329,4,1,0,296,158,519,268
7,5,1329,5,1,0,297,167,619,470
7,5,1329,6,1,0,297,176,596,218
7,5,1329,7,3,3,297,184,1007,562
7,5,1329,8,1,0,298,162,560,130
7,5,1329,9,1,0,298,180,815,216
7,5,1329,10,2,3,305,175,748,306
7,5,1329,11,2,2,306,163,693,468
7,5,1329,12,3,4,310,156,982,638
7,5,1329,13,1,0,317,164,610,222
7,5,1329,14,1,0,318,168,1199,1207
7,5,1329,15,1,0,348,188,593,26
7,6,1492,1,1,0,331,345,692,227
7,6,1492,2,1,0,331,348,596,409
7,6,1492,3,1,0,333,344,786,449
7,6,1492,4,1,0,336,344,927,685
7,6,1492,5,1,0,339,340,743,371
7,6,1492,6,2,3,341,347,637,296
7,6,1492,7,1,0,341,352,588,109
7,6,1492,8,1,0,343,353,597,336
7,6,1492,9,1,0,343,355,634,270
7,6,1492,10,1,0,345,353,584,504
7,6,1492,11,1,0,348,352,809,281
7,6,1492,12,1,0,351,315,664,491
7,6,1492,13,2,2,353,313,705,31
7,6,1492,14,1,0,353,337,591,184
7,6,1492,15,1,0,356,312,581,315
7,6,1492,16,2,2,357,310,788,333
7,6,1492,17,1,0,357,314,798,364
7,6,1492,18,2,2,365,299,708,342
7,6,1492,19,1,0,364,304,1132,463
7,6,1492,20,1,0,369,348,1060,0
7,6,1492,21,1,0,371,347,777,129
7,6,1492,22,1,0,376,311,778,0
7,6,1492,23,1,0,380,294,600,290
8,1,1943,1,1,0,203,294,786,115
8,1,1943,2,1,0,205,286,797,832
8,1,1943,3,1,0,206,291,1083,891
8,1,1943,4,5,10,210,282,1008,598
8,1,1943,5,1,0,208,291,783,476
8,1,1943,6,1,0,209,318,738,645
8,1,1943,7,1,0,210,301,1215,1535
8,1,1943,8,1,0,211,296,859,264
8,1,1943,9,1,0,212,294,805,658
8,1,1943,10,3,4,214,314,864,345
8,1,1943,11,1,0,214,285,970,444
8,1,1943,12,2,3,216,300,1213,895
8,1,1943,13,2,2,216,270,1250,544
8,1,1943,14,1,0,217,287,1315,511
8,1,1943,15,1,0,218,269,923,688
8,1,1943,16,1,0,218,282,779,200
8,1,1943,17,2,3,222,289,937,1141
8,1,1943,18,1,0,222,261,719,200
8,1,1943,19,3,3,223,291,778,573
8,1,1943,20,1,0,223,278,775,756
8,1,1943,21,2,2,224,280,1415,1164
8,1,1943,22,1,0,223,302,1328,1481
8,1,1943,23,1,0,224,300,953,886
8,1,1943,24,2,2,225,275,890,694
8,1,1943,25,4,7,226,290,1051,522
8,1,1943,26,3,4,226,307,1407,1289
8,1,1943,27,3,5,228,279,830,648
8,1,1943,28,1,0,227,283,730,325
8,1,1943,29,1,0,228,272,794,262
8,1,1943,30,1,0,228,288,705,522
8,1,1943,31,2,2,232,281,1483,876
8,1,1943,32,1,0,233,311,717,182
8,1,1943,33,4,5,240,293,1178,555
8,1,1943,34,3,3,241,288,1021,909
8,1,1943,35,1,0,243,285,832,1300
8,1,1943,36,1,0,249,306,788,591
8,1,1943,37,1,0,258,325,774,350
8,2,2480,1,3,3,255,347,1944,980
8,2,2480,2,2,2,264,371,1612,1366
8,2,2480,3,1,0,263,373,1170,531
8,2,2480,4,1,0,266,363,1240,251
8,2,2480,5,10,16,269,369,1387,770
8,2,2480,6,1,0,270,349,1181,520
8,2,2480,7,1,0,270,351,1178,747
8,2,2480,8,1,0,273,361,1309,362
8,2,2480,9,1,0,274,340,1139,888
8,2,2480,10,1,0,274,370,1695,811
8,2,2480,11,1,0,277,366,1226,966
8,2,2480,12,1,0,280,364,1494,1349
8,2,2480,13,1,0,282,342,1512,956
8,2,2480,14,3,5,287,343,1689,1021
8,3,1690,1,1,0,249,166,1041,580
8,3,1690,2,2,2,264,189,916,727
8,3,1690,3,2,2,268,181,972,727
8,3,1690,4,3,3,274,178,1090,530
8,3,1690,5,1,0,274,162,862,462
8,3,1690,6,3,3,276,190,1295,806
8,3,1690,7,1,0,277,170,897,741
8,3,1690,8,1,0,277,178,993,292
8,3,1690,9,5,6,279,185,1145,641
8,3,1690,10,1,0,279,167,1647,888
8,3,1690,11,1,0,279,175,852,330
8,3,1690,12,1,0,282,197,856,428
8,3,1690,13,1,0,283,182,1634,1073
8,3,1690,14,1,0,284,173,852,810
8,3,1690,15,2,2,285,176,1462,420
8,4,1447,1,1,0,258,283,731,420
8,4,1447,2,1,0,261,288,509,159
8,4,1447,3,1,0,269,302,706,456
8,4,1447,4,2,3,272,287,560,482
8,4,1447,5,1,0,276,285,543,191
8,4,1447,6,1,0,276,295,834,546
8,4,1447,7,1,0,277,299,560,167
8,4,1447,8,3,4,286,293,671,423
8,4,1447,9,1,0,289,316,509,98
8,4,1447,10,1,0,293,296,605,392
8,4,1447,11,1,0,295,295,533,139
8,4,1447,12,1,0,298,293,622,412
8,4,1447,13,3,4,301,300,750,374
8,4,1447,14,1,0,303,295,570,154
8,4,1447,15,3,4,304,302,600,89
8,4,1447,16,1,0,307,300,599,203
8,4,1447,17,1,0,308,298,984,364
8,4,1447,18,1,0,320,331,521,439
8,4,1447,19,1,0,321,329,622,411
8,4,1447,20,1,0,324,331,604,194
8,5,1374,1,2,3,297,168,661,519
8,5,1374,2,2,2,297,176,656,431
8,5,1374,3,1,0,297,180,703,196
8,5,1374,4,3,3,297,183,1331,611
8,5,1374,5,1,0,299,164,567,0
8,5,1374,6,1,0,305,163,853,687
8,5,1374,7,1,0,305,174,875,408
8,5,1374,8,4,5,310,156,872,453
8,5,1374,9,1,0,314,163,579,502
8,5,1374,10,1,0,317,164,1067,693
8,5,1374,11,3,3,318,168,1113,716
8,6,1451,1,2,2,333,341,544,362
8,6,1451,2,1,0,333,343,585,68
8,6,1451,3,1,0,334,338,565,81
8,6,1451,4,1,0,336,344,1220,513
8,6,1451,5,1,0,337,339,642,440
8,6,1451,6,1,0,339,332,552,169
8,6,1451,7,1,0,343,350,546,421
8,6,1451,8,2,2,353,313,1112,308
8,6,1451,9,1,0,354,338,569,240
8,6,1451,10,1,0,356,312,752,300
8,6,1451,11,1,0,356,335,573,403
8,6,1451,12,1,0,357,309,886,907
8,6,1451,13,1,0,357,314,640,363
8,6,1451,14,1,0,358,337,589,71
8,6,1451,15,1,0,359,315,552,291
8,6,1451,16,1,0,361,313,626,376
8,6,1451,17,1,0,362,306,576,44
8,6,1451,18,2,2,364,304,926,448
8,6,1451,19,3,6,370,347,685,223
8,6,1451,20,1,0,371,298,630,255
8,6,1451,21,1,0,371,341,586,210
8,6,1451,22,1,0,375,298,571,243
9,1,1913,1,1,0,197,308,748,209
9,1,1913,2,1,0,198,301,779,286
9,1,1913,3,1,0,201,306,713,194
9,1,1913,4,1,0,205,286,675,538
9,1,1913,5,1,0,206,291,899,478
9,1,1913,6,1,0,206,313,1278,1004
9,1,1913,7,7,10,210,283,930,622
9,1,1913,8,2,2,210,301,1181,962
9,1,1913,9,1,0,212,293,765,505
9,1,1913,10,1,0,213,272,769,325
9,1,1913,11,3,3,214,285,912,748
9,1,1913,12,1,0,213,314,709,87
9,1,1913,13,3,3,215,271,1594,840
9,1,1913,14,2,2,217,287,730,462
9,1,1913,15,1,0,218,269,812,566
9,1,1913,16,1,0,219,261,688,388
9,1,1913,17,7,14,223,290,870,760
9,1,1913,18,1,0,223,278,673,332
9,1,1913,19,2,3,224,300,791,598
9,1,1913,20,1,0,223,302,1630,1221
9,1,1913,21,3,3,224,280,1412,882
9,1,1913,22,2,2,225,275,1005,561
9,1,1913,23,4,5,226,307,1096,1074
9,1,1913,24,2,3,227,289,912,656
9,1,1913,25,2,2,229,279,808,651
9,1,1913,26,1,0,231,281,1034,903
9,1,1913,27,4,5,240,293,959,713
9,1,1913,28,2,3,241,288,899,861
9,1,1913,29,1,0,243,285,761,1051
9,1,1913,30,1,0,251,328,766,234
9,1,1913,31,1,0,251,330,752,605
9,2,2361,1,1,0,248,356,1178,420
9,2,2361,2,2,2,256,348,1906,1095
9,2,2361,3,1,0,261,369,1363,1094
9,2,2361,4,1,0,263,370,1505,924
9,2,2361,5,1,0,266,351,1109,722
9,2,2361,6,2,2,266,363,1138,368
9,2,2361,7,1,0,266,365,1393,971
9,2,2361,8,6,8,270,368,1611,921
9,2,2361,9,1,0,269,371,1107,1080
9,2,2361,10,1,0,270,351,1285,751
9,2,2361,11,1,0,274,370,1213,512
9,2,2361,12,1,0,278,354,1152,565
9,2,2361,13,3,5,280,364,1430,821
9,2,2361,14,1,0,279,376,1026,86
9,2,2361,15,1,0,280,372,1537,977
9,2,2361,16,2,2,282,342,1166,608
9,2,2361,17,1,0,288,343,2408,1710
9,2,2361,18,1,0,288,345,1109,193
9,3,1699,1,1,0,249,165,900,324
9,3,1699,2,1,0,265,148,1036,712
9,3,1699,3,1,0,267,181,1382,710
9,3,1699,4,1,0,273,180,954,437
9,3,1699,5,3,4,274,177,1023,418
9,3,1699,6,2,2,276,189,1540,608
9,3,1699,7,2,2,277,170,983,782
9,3,1699,8,1,0,277,178,1725,343
9,3,1699,9,6,10,280,186,1339,580
9,3,1699,10,1,0,279,167,1659,821
9,3,1699,11,3,3,283,182,1199,544
9,3,1699,12,1,0,282,197,1165,619
9,3,1699,13,2,2,286,175,1534,772
9,4,1492,1,1,0,257,280,710,292
9,4,1492,2,1,0,259,281,575,375
9,4,1492,3,1,0,264,288,637,107
9,4,1492,4,1,0,264,292,818,701
9,4,1492,5,1,0,265,281,568,326
9,4,1492,6,1,0,266,288,612,421
9,4,1492,7,1,0,266,292,658,122
9,4,1492,8,1,0,269,288,628,592
9,4,1492,9,1,0,269,301,748,593
9,4,1492,10,1,0,272,292,601,316
9,4,1492,11,2,2,276,295,602,504
9,4,1492,12,1,0,281,287,594,73
9,4,1492,13,1,0,284,293,555,261
9,4,1492,14,2,2,287,293,657,284
9,4,1492,15,3,4,301,300,801,180
9,4,1492,16,1,0,303,295,557,204
9,4,1492,17,1,0,304,303,1091,164
9,4,1492,18,1,0,308,298,1029,337
9,4,1492,19,1,0,316,337,557,0
9,4,1492,20,3,6,318,332,625,310
9,5,1338,1,1,0,293,165,578,213
9,5,1338,2,1,0,296,154,543,427
9,5,1338,3,1,0,296,162,592,397
9,5,1338,4,2,2,296,176,625,459
9,5,1338,5,1,0,297,181,582,296
9,5,1338,6,4,4,298,184,1039,640
9,5,1338,7,1,0,300,190,716,782
9,5,1338,8,1,0,304,176,530,0
9,5,1338,9,1,0,305,174,540,454
9,5,1338,10,1,0,306,163,568,116
9,5,1338,11,1,0,310,163,551,0
9,5,1338,12,1,0,311,156,1184,886
9,5,1338,13,1,0,314,162,642,253
9,5,1338,14,1,0,314,164,658,484
9,5,1338,15,1,0,317,164,1014,594
9,5,1338,16,2,2,318,168,1151,895
9,6,1458,1,1,0,336,344,940,701
9,6,1458,2,1,0,338,341,593,160
9,6,1458,3,1,0,340,338,691,247
9,6,1458,4,4,6,341,353,618,300
9,6,1458,5,1,0,347,357,575,319
9,6,1458,6,3,5,353,313,885,261
9,6,1458,7,1,0,355,312,543,287
9,6,1458,8,1,0,357,314,616,475
9,6,1458,9,1,0,358,359,561,316
9,6,1458,10,1,0,361,327,603,163
9,6,1458,11,4,6,363,304,840,506
9,6,1458,12,1,0,364,301,584,204
9,6,1458,13,1,0,365,298,645,226
9,6,1458,14,1,0,365,307,546,238
9,6,1458,15,1,0,369,292,630,112
9,6,1458,16,1,0,369,304,608,324
9,6,1458,17,1,0,369,348,918,208
9,6,1458,18,1,0,371,347,668,206
9,6,1458,19,1,0,374,334,577,278
9,6,1458,20,2,2,376,311,635,199
10,1,1901,1,1,0,197,308,780,263
10,1,1901,2,1,0,200,310,752,135
10,1,1901,3,1,0,203,299,669,253
10,1,1901,4,2,2,205,313,689,543
10,1,1901,5,1,0,207,291,867,655
10,1,1901,6,2,2,207,318,701,272
10,1,1901,7,7,8,210,283,892,675
10,1,1901,8,1,0,209,319,733,450
10,1,1901,9,1,0,210,301,1534,1382
10,1,1901,10,2,2,212,294,815,612
10,1,1901,11,1,0,212,288,1107,611
10,1,1901,12,1,0,212,292,669,172
10,1,1901,13,2,3,214,285,808,545
10,1,1901,14,3,5,215,271,1087,704
10,1,1901,15,3,3,218,269,789,554
10,1,1901,16,1,0,218,298,925,734
10,1,1901,17,1,0,218,300,1242,431
10,1,1901,18,2,2,222,288,759,513
10,1,1901,19,1,0,221,293,869,564
10,1,1901,20,4,6,223,291,854,571
10,1,1901,21,1,0,223,299,889,512
10,1,1901,22,1,0,223,302,1523,1209
10,1,1901,23,4,4,225,281,1317,718
10,1,1901,24,2,2,225,275,1139,635
10,1,1901,25,5,5,226,307,1135,917
10,1,1901,26,2,2,227,288,986,823
10,1,1901,27,2,3,229,279,811,695
10,1,1901,28,2,2,232,281,1719,734
10,1,1901,29,1,0,234,279,710,534
10,1,1901,30,2,2,241,288,880,820
10,1,1901,31,2,2,240,294,866,683
10,2,2420,1,1,0,255,369,1245,616
10,2,2420,2,2,2,260,351,1596,473
10,2,2420,3,1,0,262,369,1431,1274
10,2,2420,4,1,0,263,374,1305,944
10,2,2420,5,1,0,264,371,1232,595
10,2,2420,6,2,3,266,364,1390,617
10,2,2420,7,1,0,266,351,1823,915
10,2,2420,8,5,10,269,368,1521,1057
10,2,2420,9,2,2,269,371,1244,529
10,2,2420,10,1,0,270,351,1184,722
10,2,2420,11,1,0,274,370,1651,646
10,2,2420,12,1,0,276,366,1326,837
10,2,2420,13,1,0,279,370,1091,642
10,2,2420,14,3,4,280,372,1438,680
10,2,2420,15,1,0,280,364,1838,1761
10,2,2420,16,1,0,281,370,1228,698
10,2,2420,17,1,0,288,343,2129,2053
10,2,2420,18,1,0,288,347,1095,262
10,2,2420,19,1,0,294,357,1267,336
10,3,1693,1,1,0,263,189,857,691
10,3,1693,2,1,0,268,181,1397,972
10,3,1693,3,2,3,272,181,889,426
10,3,1693,4,1,0,273,162,1052,161
10,3,1693,5,2,2,274,177,1091,776
10,3,1693,6,2,2,277,170,1159,943
10,3,1693,7,1,0,276,188,1399,267
10,3,1693,8,1,0,277,178,1170,668
10,3,1693,9,1,0,278,176,939,268
10,3,1693,10,2,2,279,168,1210,777
10,3,1693,11,5,5,280,186,1219,786
10,3,1693,12,5,7,282,182,1310,504
10,3,1693,13,1,0,283,170,975,500
10,3,1693,14,1,0,286,175,1629,841
10,4,1441,1,1,0,255,282,636,164
10,4,1441,2,1,0,260,285,510,131
10,4,1441,3,1,0,264,293,510,861
10,4,1441,4,1,0,266,281,630,80
10,4,1441,5,1,0,266,287,606,199
10,4,1441,6,1,0,269,288,507,315
10,4,1441,7,1,0,274,302,513,131
10,4,1441,8,1,0,276,295,524,716
10,4,1441,9,1,0,280,296,523,368
10,4,1441,10,1,0,281,291,702,255
10,4,1441,11,2,3,287,293,621,485
10,4,1441,12,1,0,288,300,593,232
10,4,1441,13,1,0,291,296,508,112
10,4,1441,14,1,0,298,298,638,52
10,4,1441,15,1,0,299,295,700,108
10,4,1441,16,3,3,301,300,774,255
10,4,1441,17,3,3,304,303,635,61
10,4,1441,18,1,0,308,298,844,500
10,4,1441,19,1,0,310,299,501,522
10,4,1441,20,1,0,317,333,508,167
10,4,1441,21,1,0,320,328,567,270
10,4,1441,22,1,0,327,322,695,0
10,5,1470,1,1,0,292,168,686,282
10,5,1470,2,2,2,297,176,797,576
10,5,1470,3,4,4,298,184,1149,632
10,5,1470,4,1,0,305,174,686,315
10,5,1470,5,1,0,306,163,962,647
10,5,1470,6,1,0,309,156,746,441
10,5,1470,7,1,0,311,156,1601,705
10,5,1470,8,3,3,314,164,812,431
10,5,1470,9,1,0,317,164,942,829
10,5,1470,10,2,2,318,168,1045,769
10,5,1470,11,1,0,322,164,835,401
10,5,1470,12,1,0,341,184,679,793
10,5,1470,13,1,0,343,179,685,226
10,6,1465,1,2,2,332,345,588,549
10,6,1465,2,1,0,336,344,848,812
10,6,1465,3,2,2,339,340,578,95
10,6,1465,4,1,0,338,342,589,145
10,6,1465,5,1,0,338,344,687,660
10,6,1465,6,1,0,338,354,579,126
10,6,1465,7,1,0,339,351,559,245
10,6,1465,8,1,0,348,356,636,88
10,6,1465,9,2,2,353,313,1050,183
10,6,1465,10,1,0,355,311,568,239
10,6,1465,11,1,0,357,314,752,381
10,6,1465,12,1,0,358,333,591,0
10,6,1465,13,1,0,359,315,673,292
10,6,1465,14,3,3,362,306,954,226
10,6,1465,15,1,0,364,307,674,273
10,6,1465,16,2,2,365,299,633,478
10,6,1465,17,1,0,369,348,1054,180
10,6,1465,18,2,2,371,346,699,259
10,6,1465,19,1,0,373,300,606,133
10,6,1465,20,1,0,375,296,553,51
11,1,1947,1,1,0,199,292,831,480
11,1,1947,2,1,0,199,306,833,446
11,1,1947,3,1,0,205,313,908,916
11,1,1947,4,1,0,206,292,745,740
11,1,1947,5,1,0,208,275,1616,1198
11,1,1947,6,9,12,210,283,1003,509
11,1,1947,7,1,0,208,322,717,308
11,1,1947,8,1,0,210,301,1387,1450
11,1,1947,9,1,0,212,288,1081,321
11,1,1947,10,1,0,212,294,1247,622
11,1,1947,11,1,0,213,284,752,271
11,1,1947,12,3,3,215,271,972,750
11,1,1947,13,1,0,215,314,842,214
11,1,1947,14,1,0,217,286,793,254
11,1,1947,15,1,0,218,270,898,1075
11,1,1947,16,1,0,218,298,1147,1082
11,1,1947,17,1,0,218,302,728,423
11,1,1947,18,1,0,219,294,717,418
11,1,1947,19,3,3,221,288,1101,776
11,1,1947,20,5,6,223,291,948,750
11,1,1947,21,1,0,223,299,1065,711
11,1,1947,22,1,0,223,302,1289,1242
11,1,1947,23,2,2,225,274,1124,625
11,1,1947,24,3,3,224,281,1047,808
11,1,1947,25,3,4,226,307,1461,966
11,1,1947,26,1,0,226,270,704,141
11,1,1947,27,1,0,226,279,874,141
11,1,1947,28,1,0,226,297,752,188
11,1,1947,29,2,3,228,288,965,607
11,1,1947,30,4,5,229,278,936,585
11,1,1947,31,1,0,229,273,738,405
11,1,1947,32,1,0,229,284,720,404
11,1,1947,33,1,0,232,284,807,20
11,1,1947,34,1,0,232,336,843,215
11,1,1947,35,1,0,240,287,1195,1077
11,1,1947,36,3,3,243,285,819,1154
11,2,2486,1,1,0,255,368,1313,1152
11,2,2486,2,1,0,260,351,2371,583
11,2,2486,3,1,0,262,368,1704,1431
11,2,2486,4,1,0,263,374,1666,1031
11,2,2486,5,1,0,264,371,1409,670
11,2,2486,6,10,19,269,368,1521,1044
11,2,2486,7,2,3,267,351,1230,649
11,2,2486,8,2,3,270,351,1386,717
11,2,2486,9,1,0,270,371,1292,507
11,2,2486,10,1,0,274,370,1148,456
11,2,2486,11,2,2,280,372,1424,891
11,2,2486,12,1,0,280,364,1555,1515
11,2,2486,13,1,0,282,370,1179,1175
11,2,2486,14,1,0,287,372,1520,960
11,2,2486,15,2,2,289,343,1778,1258
11,3,1735,1,1,0,248,162,984,812
11,3,1735,2,1,0,248,165,912,139
11,3,1735,3,2,2,268,181,1108,690
11,3,1735,4,1,0,272,181,922,398
11,3,1735,5,2,2,274,177,959,533
11,3,1735,6,1,0,274,181,993,338
11,3,1735,7,2,2,277,170,1384,793
11,3,1735,8,1,0,276,188,1402,786
11,3,1735,9,1,0,277,178,1630,324
11,3,1735,10,6,7,279,186,1360,734
11,3,1735,11,1,0,279,167,1288,865
11,3,1735,12,2,2,283,181,1703,1120
11,3,1735,13,2,2,283,183,1202,389
11,3,1735,14,2,2,286,175,1285,830
11,4,1488,1,1,0,254,280,587,366
11,4,1488,2,1,0,260,287,638,286
11,4,1488,3,1,0,260,290,565,319
11,4,1488,4,1,0,262,280,546,336
11,4,1488,5,2,3,265,292,688,340
11,4,1488,6,1,0,269,286,625,213
11,4,1488,7,1,0,271,305,552,252
11,4,1488,8,1,0,275,297,619,186
11,4,1488,9,2,2,283,288,636,364
11,4,1488,10,1,0,286,292,804,337
11,4,1488,11,1,0,289,294,660,482
11,4,1488,12,5,9,300,299,844,436
11,4,1488,13,1,0,304,302,610,183
11,4,1488,14,3,5,309,298,899,442
11,4,1488,15,1,0,316,333,714,117
11,4,1488,16,1,0,317,305,546,119
11,4,1488,17,1,0,319,330,725,498
11,4,1488,18,1,0,323,319,551,0
11,5,1350,1,1,0,292,168,624,181
11,5,1350,2,1,0,295,174,585,184
11,5,1350,3,1,0,296,168,752,461
11,5,1350,4,4,5,297,183,1161,732
11,5,1350,5,1,0,298,180,627,195
11,5,1350,6,1,0,305,174,564,553
11,5,1350,7,1,0,306,163,630,434
11,5,1350,8,1,0,307,199,585,183
11,5,1350,9,1,0,309,156,613,473
11,5,1350,10,2,2,312,156,1112,699
11,5,1350,11,2,2,314,164,797,488
11,5,1350,12,1,0,317,164,833,751
11,5,1350,13,2,2,318,168,1001,971
11,5,1350,14,1,0,344,183,550,199
11,6,1490,1,1,0,326,355,623,357
11,6,1490,2,2,2,336,344,789,283
11,6,1490,3,1,0,335,349,602,36
11,6,1490,4,1,0,338,340,1116,446
11,6,1490,5,1,0,339,346,635,397
11,6,1490,6,1,0,340,337,694,271
11,6,1490,7,1,0,340,351,681,246
11,6,1490,8,2,2,352,314,718,361
11,6,1490,9,2,3,357,311,632,445
11,6,1490,10,1,0,356,314,800,0
11,6,1490,11,1,0,356,360,581,239
11,6,1490,12,1,0,359,315,755,273
11,6,1490,13,4,5,362,306,832,398
11,6,1490,14,1,0,364,303,646,408
11,6,1490,15,1,0,365,298,597,920
11,6,1490,16,1,0,365,306,684,183
11,6,1490,17,3,4,370,346,838,164
11,6,1490,18,1,0,369,348,727,292
11,6,1490,19,1,0,371,298,628,664
11,6,1490,20,1,0,375,309,599,350
12,1,1890,1,1,0,196,308,657,398
12,1,1890,2,1,0,201,306,735,670
12,1,1890,3,1,0,202,291,748,634
12,1,1890,4,1,0,203,289,796,79
12,1,1890,5,1,0,205,297,691,59
12,1,1890,6,1,0,205,313,944,1065
12,1,1890,7,1,0,207,322,694,346
12,1,1890,8,2,2,208,275,1171,713
12,1,1890,9,1,0,209,291,779,739
12,1,1890,10,5,5,210,300,917,767
12,1,1890,11,6,9,211,283,814,517
12,1,1890,12,1,0,210,287,671,343
12,1,1890,13,1,0,211,297,920,158
12,1,1890,14,1,0,213,314,766,493
12,1,1890,15,1,0,214,286,1946,1230
12,1,1890,16,1,0,215,272,758,649
12,1,1890,17,3,3,217,270,966,417
12,1,1890,18,1,0,217,282,752,320
12,1,1890,19,1,0,217,287,1405,825
12,1,1890,20,1,0,219,294,661,291
12,1,1890,21,9,12,223,290,988,632
12,1,1890,22,1,0,222,267,667,308
12,1,1890,23,1,0,222,295,1174,612
12,1,1890,24,1,0,223,299,855,455
12,1,1890,25,1,0,223,302,1063,1212
12,1,1890,26,4,4,225,281,1173,813
12,1,1890,27,1,0,225,275,1363,842
12,1,1890,28,1,0,225,288,725,3
12,1,1890,29,6,6,226,307,1088,725
12,1,1890,30,2,2,229,278,1035,744
12,1,1890,31,1,0,232,336,663,701
12,1,1890,32,1,0,233,311,732,125
12,1,1890,33,1,0,242,285,654,1060
12,1,1890,34,1,0,251,298,651,332
12,2,2476,1,1,0,255,368,1288,980
12,2,2476,2,1,0,258,368,1306,617
12,2,2476,3,2,2,261,351,1767,583
12,2,2476,4,3,3,261,368,1535,902
12,2,2476,5,3,6,266,365,1327,490
12,2,2476,6,1,0,269,351,2346,1068
12,2,2476,7,8,10,270,369,1541,856
12,2,2476,8,3,5,280,364,1636,1126
12,2,2476,9,1,0,279,372,1284,495
12,2,2476,10,1,0,281,370,1418,633
12,2,2476,11,1,0,284,342,1425,428
12,2,2476,12,2,2,289,343,1901,1390
12,2,2476,13,1,0,293,358,1332,549
12,3,1756,1,1,0,272,180,950,614
12,3,1756,2,1,0,272,185,1220,573
12,3,1756,3,1,0,273,162,1057,676
12,3,1756,4,1,0,274,177,1364,431
12,3,1756,5,1,0,274,192,932,383
12,3,1756,6,1,0,275,164,1061,441
12,3,1756,7,2,2,276,188,1178,751
12,3,1756,8,1,0,276,170,1529,537
12,3,1756,9,1,0,277,176,919,713
12,3,1756,10,1,0,277,178,1381,456
12,3,1756,11,6,7,279,186,1171,580
12,3,1756,12,2,2,279,168,1089,470
12,3,1756,13,1,0,282,168,985,762
12,3,1756,14,2,2,283,181,1551,658
12,3,1756,15,1,0,282,183,976,390
12,3,1756,16,1,0,283,175,938,242
12,3,1756,17,2,2,286,175,1205,630
12,4,1468,1,1,0,257,276,563,90
12,4,1468,2,1,0,257,280,587,205
12,4,1468,3,1,0,258,289,609,383
12,4,1468,4,1,0,259,282,536,386
12,4,1468,5,1,0,265,278,550,376
12,4,1468,6,1,0,265,285,571,0
12,4,1468,7,3,3,266,292,606,231
12,4,1468,8,1,0,281,291,527,247
12,4,1468,9,1,0,283,288,618,626
12,4,1468,10,2,3,287,293,722,412
12,4,1468,11,1,0,297,296,612,0
12,4,1468,12,3,5,300,300,817,401
12,4,1468,13,2,2,304,295,650,160
12,4,1468,14,3,5,304,302,684,0
12,4,1468,15,3,3,309,298,693,317
12,4,1468,16,1,0,321,333,559,339
12,5,1366,1,2,2,293,168,769,611
12,5,1366,2,2,3,297,168,696,409
12,5,1366,3,2,2,297,175,899,627
12,5,1366,4,3,3,297,183,1128,843
12,5,1366,5,1,0,306,153,565,322
12,5,1366,6,1,0,306,163,919,639
12,5,1366,7,1,0,309,160,616,338
12,5,1366,8,1,0,311,156,1727,785
12,5,1366,9,2,2,314,164,684,238
12,5,1366,10,3,4,317,168,870,542
12,5,1366,11,1,0,317,164,1212,541
12,5,1366,12,1,0,349,179,614,0
12,6,1493,1,2,2,336,344,757,530
12,6,1493,2,3,3,338,340,700,236
12,6,1493,3,1,0,338,357,644,72
12,6,1493,4,1,0,340,337,697,93
12,6,1493,5,1,0,340,351,669,459
12,6,1493,6,1,0,342,342,736,443
12,6,1493,7,1,0,344,353,594,412
12,6,1493,8,1,0,345,355,593,357
12,6,1493,9,3,5,352,313,699,432
12,6,1493,10,2,2,355,312,694,336
12,6,1493,11,1,0,356,314,639,504
12,6,1493,12,1,0,357,310,838,150
12,6,1493,13,3,3,362,306,761,513
12,6,1493,14,1,0,365,298,1017,288
12,6,1493,15,1,0,367,298,584,216
12,6,1493,16,2,3,370,347,744,223
12,6,1493,17,1,0,374,300,625,394
12,6,1493,18,1,0,375,311,646,113
12,6,1493,19,1,0,377,301,602,377
13,1,1929,1,1,0,201,288,806,331
13,1,1929,2,1,0,202,292,768,659
13,1,1929,3,1,0,204,291,1026,732
13,1,1929,4,2,2,205,313,1195,981
13,1,1929,5,1,0,205,307,872,488
13,1,1929,6,1,0,207,291,834,709
13,1,1929,7,2,2,209,275,1166,1070
13,1,1929,8,4,6,211,283,1016,749
13,1,1929,9,3,4,210,299,1106,1030
13,1,1929,10,1,0,211,263,936,196
13,1,1929,11,1,0,211,288,698,679
13,1,1929,12,2,3,214,288,1358,746
13,1,1929,13,3,5,216,270,1028,663
13,1,1929,14,1,0,215,273,769,956
13,1,1929,15,1,0,216,306,897,688
13,1,1929,16,1,0,217,287,1038,497
13,1,1929,17,2,2,220,291,751,421
13,1,1929,18,1,0,220,294,686,360
13,1,1929,19,4,4,222,289,1106,623
13,1,1929,20,1,0,221,334,686,789
13,1,1929,21,1,0,222,265,701,124
13,1,1929,22,5,5,224,291,994,730
13,1,1929,23,1,0,223,299,817,392
13,1,1929,24,1,0,223,302,875,972
13,1,1929,25,4,4,225,281,1228,955
13,1,1929,26,1,0,224,296,752,760
13,1,1929,27,1,0,225,275,1418,903
13,1,1929,28,5,5,226,307,1281,910
13,1,1929,29,3,6,227,288,893,484
13,1,1929,30,3,3,229,279,954,637
13,1,1929,31,1,0,230,337,848,76
13,1,1929,32,1,0,233,277,696,331
13,1,1929,33,1,0,233,284,841,149
13,1,1929,34,1,0,239,291,714,320
13,1,1929,35,1,0,243,285,1028,809
13,1,1929,36,1,0,246,298,795,659
13,2,2339,1,1,0,260,353,1293,465
13,2,2339,2,2,2,262,351,2100,962
13,2,2339,3,1,0,261,368,2004,878
13,2,2339,4,1,0,265,351,1058,105
13,2,2339,5,2,2,266,363,1141,566
13,2,2339,6,1,0,266,366,1281,701
13,2,2339,7,1,0,267,371,1070,778
13,2,2339,8,4,6,269,368,1595,995
13,2,2339,9,1,0,269,351,2019,1735
13,2,2339,10,1,0,270,349,1000,625
13,2,2339,11,1,0,272,368,992,212
13,2,2339,12,3,3,273,371,1165,723
13,2,2339,13,1,0,277,354,1193,541
13,2,2339,14,3,5,280,364,1804,1497
13,2,2339,15,2,2,280,373,1305,759
13,2,2339,16,1,0,287,372,1229,699
13,2,2339,17,2,2,289,343,1840,1159
13,3,1717,1,1,0,248,162,1016,539
13,3,1717,2,2,2,268,181,988,222
13,3,1717,3,2,2,272,181,1045,430
13,3,1717,4,1,0,272,185,1098,419
13,3,1717,5,2,2,274,177,1111,644
13,3,1717,6,1,0,276,170,1822,899
13,3,1717,7,1,0,276,188,1451,688
13,3,1717,8,1,0,277,176,968,675
13,3,1717,9,1,0,277,178,1470,359
13,3,1717,10,5,5,279,186,1239,585
13,3,1717,11,6,7,282,182,1278,652
13,3,1717,12,1,0,282,168,1151,919
13,3,1717,13,1,0,284,175,901,296
13,4,1484,1,1,0,252,282,552,87
13,4,1484,2,1,0,257,279,604,219
13,4,1484,3,1,0,260,288,597,170
13,4,1484,4,1,0,261,293,579,498
13,4,1484,5,2,2,265,293,875,223
13,4,1484,6,1,0,266,285,641,627
13,4,1484,7,1,0,267,281,580,252
13,4,1484,8,1,0,267,283,661,155
13,4,1484,9,1,0,268,301,575,379
13,4,1484,10,1,0,269,299,873,494
13,4,1484,11,1,0,271,289,706,317
13,4,1484,12,1,0,271,305,651,167
13,4,1484,13,3,6,287,292,652,355
13,4,1484,14,1,0,293,295,713,245
13,4,1484,15,5,8,300,298,748,405
13,4,1484,16,1,0,304,303,776,303
13,4,1484,17,2,3,309,299,864,418
13,4,1484,18,1,0,310,333,608,263
13,4,1484,19,1,0,317,334,563,264
13,5,1374,1,1,0,293,168,1056,716
13,5,1374,2,1,0,296,152,713,346
13,5,1374,3,2,2,296,175,661,595
13,5,1374,4,3,3,297,183,1359,716
13,5,1374,5,1,0,298,179,696,316
13,5,1374,6,1,0,299,155,576,317
13,5,1374,7,1,0,300,153,702,412
13,5,1374,8,4,4,307,164,768,219
13,5,1374,9,2,2,311,155,837,540
13,5,1374,10,1,0,317,164,1038,679
13,5,1374,11,2,2,319,168,886,636
13,5,1374,12,1,0,323,169,633,0
13,6,1522,1,1,0,336,344,707,495
13,6,1522,2,1,0,337,340,731,647
13,6,1522,3,1,0,338,334,725,74
13,6,1522,4,2,2,339,355,761,304
13,6,1522,5,1,0,339,342,746,386
13,6,1522,6,1,0,342,352,712,49
13,6,1522,7,1,0,343,355,684,280
13,6,1522,8,1,0,344,352,645,531
13,6,1522,9,2,3,352,314,958,349
13,6,1522,10,3,3,354,311,657,273
13,6,1522,11,1,0,357,313,931,571
13,6,1522,12,1,0,358,306,615,130
13,6,1522,13,2,2,362,306,956,289
13,6,1522,14,1,0,362,304,640,292
13,6,1522,15,1,0,364,303,799,797
13,6,1522,16,1,0,365,298,714,254
13,6,1522,17,1,0,365,306,685,413
13,6,1522,18,3,3,370,347,783,220
13,6,1522,19,2,3,371,341,638,117
13,6,1522,20,1,0,370,344,715,252
14,1,1907,1,1,0,194,299,787,0
14,1,1907,2,3,4,203,292,850,303
14,1,1907,3,1,0,204,313,1220,1471
14,1,1907,4,1,0,205,307,830,385
14,1,1907,5,2,2,209,274,1354,675
14,1,1907,6,2,3,210,290,852,440
14,1,1907,7,1,0,210,281,735,99
14,1,1907,8,4,6,211,284,1222,681
14,1,1907,9,2,2,210,300,1000,949
14,1,1907,10,3,4,212,287,909,536
14,1,1907,11,1,0,211,294,983,691
14,1,1907,12,2,3,212,297,987,1062
14,1,1907,13,2,2,217,272,1553,858
14,1,1907,14,1,0,216,287,812,362
14,1,1907,15,1,0,217,306,738,426
14,1,1907,16,2,2,218,270,720,354
14,1,1907,17,1,0,219,291,678,452
14,1,1907,18,4,6,221,288,907,560
14,1,1907,19,1,0,223,278,673,453
14,1,1907,20,4,4,224,292,1337,924
14,1,1907,21,1,0,223,299,790,262
14,1,1907,22,1,0,223,302,1336,1311
14,1,1907,23,2,2,225,281,1734,1346
14,1,1907,24,1,0,224,296,810,479
14,1,1907,25,2,2,226,275,1160,622
14,1,1907,26,5,5,226,307,1225,889
14,1,1907,27,1,0,226,268,731,205
14,1,1907,28,1,0,226,288,1143,835
14,1,1907,29,1,0,227,290,665,115
14,1,1907,30,1,0,229,278,1412,1027
14,1,1907,31,1,0,236,290,823,777
14,1,1907,32,1,0,239,286,803,275
14,1,1907,33,2,2,242,294,956,361
14,1,1907,34,3,5,243,285,839,985
14,1,1907,35,1,0,244,298,725,519
14,2,2353,1,1,0,255,368,1104,781
14,2,2353,2,2,2,261,351,1888,921
14,2,2353,3,2,2,262,368,1778,740
14,2,2353,4,1,0,266,351,1072,542
14,2,2353,5,2,2,267,363,1126,550
14,2,2353,6,1,0,266,365,1761,712
14,2,2353,7,7,8,269,368,1513,829
14,2,2353,8,2,2,270,351,1739,1048
14,2,2353,9,1,0,273,363,1213,232
14,2,2353,10,1,0,274,371,1443,725
14,2,2353,11,1,0,277,354,1523,774
14,2,2353,12,2,3,281,365,1653,1663
14,2,2353,13,2,2,280,373,1382,746
14,2,2353,14,1,0,284,342,1244,715
14,2,2353,15,2,2,289,343,1634,1242
14,3,1735,1,1,0,268,181,922,739
14,3,1735,2,1,0,272,184,1162,618
14,3,1735,3,2,2,274,177,1195,586
14,3,1735,4,1,0,274,191,897,834
14,3,1735,5,3,3,276,188,1237,629
14,3,1735,6,2,2,277,170,1035,788
14,3,1735,7,1,0,277,176,949,634
14,3,1735,8,2,2,278,178,899,164
14,3,1735,9,2,2,279,168,989,567
14,3,1735,10,6,12,281,186,1243,495
14,3,1735,11,4,5,282,182,1297,599
14,3,1735,12,1,0,282,168,1105,268
14,3,1735,13,1,0,284,174,975,535
14,4,1457,1,1,0,262,288,535,739
14,4,1457,2,2,3,263,296,586,371
14,4,1457,3,1,0,264,292,551,466
14,4,1457,4,3,5,267,287,601,308
14,4,1457,5,1,0,268,299,642,237
14,4,1457,6,1,0,270,277,581,0
14,4,1457,7,1,0,270,296,550,289
14,4,1457,8,3,5,276,295,682,438
14,4,1457,9,1,0,279,281,547,0
14,4,1457,10,1,0,281,291,604,295
14,4,1457,11,1,0,286,292,634,311
14,4,1457,12,1,0,298,297,770,102
14,4,1457,13,2,2,301,300,802,578
14,4,1457,14,2,3,305,303,656,56
14,4,1457,15,1,0,307,304,701,143
14,4,1457,16,1,0,308,298,1016,25
14,4,1457,17,1,0,313,300,537,199
14,4,1457,18,1,0,313,335,618,205
14,4,1457,19,1,0,314,331,666,471
14,4,1457,20,1,0,323,325,535,0
14,5,1346,1,2,3,294,168,641,609
14,5,1346,2,1,0,295,163,542,180
14,5,1346,3,1,0,296,167,644,261
14,5,1346,4,4,4,297,183,1274,550
14,5,1346,5,1,0,298,179,680,179
14,5,1346,6,1,0,299,154,570,162
14,5,1346,7,2,2,307,163,1021,384
14,5,1346,8,1,0,307,155,681,346
14,5,1346,9,1,0,311,156,917,321
14,5,1346,10,2,3,314,164,655,284
14,5,1346,11,1,0,317,164,1021,935
14,5,1346,12,2,2,319,168,956,584
14,5,1346,13,1,0,319,163,636,24
14,5,1346,14,1,0,344,187,606,170
14,6,1499,1,1,0,335,340,621,489
14,6,1499,2,2,2,337,343,692,556
14,6,1499,3,1,0,337,339,919,348
14,6,1499,4,2,3,339,351,634,513
14,6,1499,5,1,0,340,355,617,654
14,6,1499,6,2,2,343,353,758,312
14,6,1499,7,1,0,348,352,652,228
14,6,1499,8,2,2,352,315,665,380
14,6,1499,9,1,0,352,313,945,688
14,6,1499,10,2,3,356,311,729,666
14,6,1499,11,1,0,357,313,1093,740
14,6,1499,12,2,2,362,306,833,306
14,6,1499,13,2,2,363,301,637,455
14,6,1499,14,1,0,363,303,772,597
14,6,1499,15,1,0,366,297,862,937
14,6,1499,16,3,5,370,347,813,310
14,6,1499,17,1,0,374,306,626,73
14,6,1499,18,1,0,382,305,614,320
15,1,1909,1,1,0,204,313,1107,1272
15,1,1909,2,1,0,206,306,935,670
15,1,1909,3,2,2,209,274,1003,935
15,1,1909,4,1,0,208,287,688,136
15,1,1909,5,1,0,209,290,1404,1012
15,1,1909,6,3,3,210,283,1095,855
15,1,1909,7,6,10,211,298,994,754
15,1,1909,8,1,0,210,318,686,0
15,1,1909,9,4,4,212,288,1148,701
15,1,1909,10,1,0,214,314,1078,736
15,1,1909,11,4,5,217,273,1067,710
15,1,1909,12,2,3,217,306,787,358
15,1,1909,13,1,0,218,269,857,467
15,1,1909,14,1,0,219,296,734,609
15,1,1909,15,5,5,221,288,827,865
15,1,1909,16,5,5,223,291,1258,940
15,1,1909,17,3,3,224,281,1332,944
15,1,1909,18,1,0,223,297,890,831
15,1,1909,19,1,0,223,302,1057,889
15,1,1909,20,3,3,225,275,1001,704
15,1,1909,21,5,5,226,307,1132,959
15,1,1909,22,3,3,227,288,867,487
15,1,1909,23,1,0,228,273,707,448
15,1,1909,24,1,0,229,278,1028,880
15,1,1909,25,2,3,243,285,855,1009
15,1,1909,26,1,0,242,295,839,445
15,1,1909,27,1,0,243,298,726,616
15,1,1909,28,1,0,245,298,708,362
15,1,1909,29,1,0,251,329,670,4
15,2,2400,1,2,2,261,350,2172,1160
15,2,2400,2,1,0,266,363,1165,830
15,2,2400,3,1,0,266,365,1501,746
15,2,2400,4,1,0,267,370,1107,929
15,2,2400,5,7,9,269,368,1790,698
15,2,2400,6,2,2,270,351,1870,1124
15,2,2400,7,1,0,270,355,1102,364
15,2,2400,8,1,0,271,348,1293,650
15,2,2400,9,2,2,274,371,1706,857
15,2,2400,10,1,0,277,354,1266,236
15,2,2400,11,2,3,281,365,1579,1353
15,2,2400,12,1,0,280,372,1387,259
15,2,2400,13,1,0,281,354,1070,447
15,2,2400,14,1,0,281,370,1180,702
15,2,2400,15,1,0,284,342,1217,801
15,2,2400,16,3,3,288,343,1314,963
15,3,1664,1,1,0,268,181,1243,758
15,3,1664,2,1,0,272,181,1040,456
15,3,1664,3,2,2,274,177,924,234
15,3,1664,4,1,0,275,164,837,387
15,3,1664,5,2,2,277,170,1097,757
15,3,1664,6,2,2,276,188,1493,622
15,3,1664,7,2,2,277,178,1134,354
15,3,1664,8,4,5,279,185,1279,781
15,3,1664,9,1,0,279,168,1120,825
15,3,1664,10,1,0,281,168,916,527
15,3,1664,11,1,0,281,186,1183,669
15,3,1664,12,4,5,283,181,1037,676
15,3,1664,13,1,0,282,184,924,366
15,3,1664,14,1,0,284,174,1317,392
15,3,1664,15,1,0,285,180,917,740
15,4,1504,1,1,0,257,286,570,201
15,4,1504,2,1,0,260,282,612,374
15,4,1504,3,1,0,264,296,782,449
15,4,1504,4,2,2,266,293,589,401
15,4,1504,5,1,0,266,298,689,496
15,4,1504,6,1,0,267,286,569,308
15,4,1504,7,1,0,268,301,569,83
15,4,1504,8,1,0,271,290,578,432
15,4,1504,9,1,0,271,292,573,509
15,4,1504,10,1,0,277,295,669,801
15,4,1504,11,2,2,280,296,637,378
15,4,1504,12,1,0,286,291,612,86
15,4,1504,13,2,2,299,297,786,427
15,4,1504,14,3,3,301,300,978,309
15,4,1504,15,1,0,303,294,657,357
15,4,1504,16,2,2,305,303,671,292
15,4,1504,17,1,0,308,298,716,177
15,4,1504,18,1,0,310,298,662,152
15,4,1504,19,1,0,310,305,597,276
15,4,1504,20,1,0,312,301,576,72
15,4,1504,21,1,0,321,335,574,0
15,5,1376,1,1,0,294,155,576,408
15,5,1376,2,1,0,296,174,852,640
15,5,1376,3,2,2,297,182,1508,850
15,5,1376,4,1,0,299,156,612,143
15,5,1376,5,1,0,300,166,632,240
15,5,1376,6,1,0,300,184,572,149
15,5,1376,7,1,0,305,174,611,136
15,5,1376,8,1,0,306,163,868,260
15,5,1376,9,1,0,310,156,1086,770
15,5,1376,10,3,3,310,162,688,324
15,5,1376,11,3,3,313,163,642,521
15,5,1376,12,1,0,317,164,1113,960
15,5,1376,13,1,0,319,163,778,171
15,5,1376,14,2,2,319,169,732,595
15,5,1376,15,1,0,325,171,565,186
15,6,1492,1,1,0,329,352,821,49
15,6,1492,2,2,2,337,339,781,311
15,6,1492,3,1,0,340,341,591,314
15,6,1492,4,1,0,340,352,583,309
15,6,1492,5,1,0,343,346,603,180
15,6,1492,6,1,0,343,349,643,333
15,6,1492,7,2,3,345,354,615,453
15,6,1492,8,1,0,346,351,715,112
15,6,1492,9,1,0,350,316,766,17
15,6,1492,10,3,5,356,311,752,473
15,6,1492,11,1,0,357,313,970,311
15,6,1492,12,5,9,363,306,726,334
15,6,1492,13,1,0,366,297,946,652
15,6,1492,14,3,3,370,347,928,229
15,6,1492,15,1,0,373,309,604,283
15,6,1492,16,1,0,373,334,585,256
15,6,1492,17,1,0,379,312,585,329
16,1,1963,1,1,0,204,313,1325,1128
16,1,1963,2,1,0,204,316,720,366
16,1,1963,3,1,0,205,306,956,711
16,1,1963,4,2,2,209,274,1456,750
16,1,1963,5,1,0,208,283,847,80
16,1,1963,6,1,0,208,287,1002,577
16,1,1963,7,5,5,208,291,1197,921
16,1,1963,8,5,6,210,297,1068,959
16,1,1963,9,1,0,210,284,956,976
16,1,1963,10,3,3,211,287,1086,649
16,1,1963,11,1,0,211,318,788,360
16,1,1963,12,1,0,214,314,1380,848
16,1,1963,13,3,3,217,272,1415,940
16,1,1963,14,1,0,218,269,1455,809
16,1,1963,15,1,0,219,287,972,485
16,1,1963,16,3,3,221,288,930,856
16,1,1963,17,1,0,221,295,901,197
16,1,1963,18,5,5,223,292,1265,891
16,1,1963,19,3,3,223,280,1064,766
16,1,1963,20,1,0,223,302,1205,1176
16,1,1963,21,1,0,224,296,720,536
16,1,1963,22,1,0,225,275,1497,417
16,1,1963,23,2,3,226,289,828,459
16,1,1963,24,4,5,226,307,1132,959
16,1,1963,25,1,0,229,278,1261,765
16,1,1963,26,1,0,229,288,891,417
16,1,1963,27,1,0,235,277,755,473
16,1,1963,28,1,0,235,295,912,100
16,1,1963,29,3,3,239,287,773,514
16,1,1963,30,3,3,240,293,771,465
16,1,1963,31,1,0,242,296,719,477
16,1,1963,32,1,0,243,284,939,949
16,1,1963,33,1,0,243,286,812,1027
16,1,1963,34,1,0,253,301,724,392
16,2,2500,1,1,0,255,365,1204,1537
16,2,2500,2,2,2,262,350,2323,1231
16,2,2500,3,1,0,262,368,1403,643
16,2,2500,4,1,0,266,366,1808,707
16,2,2500,5,1,0,267,370,1252,789
16,2,2500,6,7,7,269,368,1810,889
16,2,2500,7,2,2,270,351,1495,1171
16,2,2500,8,1,0,270,371,1339,801
16,2,2500,9,1,0,273,361,1168,1134
16,2,2500,10,3,3,275,371,1563,806
16,2,2500,11,2,2,278,354,1202,441
16,2,2500,12,3,5,280,364,1646,1180
16,2,2500,13,3,3,288,342,1289,854
16,3,1697,1,2,2,268,181,1211,454
16,3,1697,2,2,2,273,185,1057,343
16,3,1697,3,1,0,273,162,1184,442
16,3,1697,4,1,0,274,177,1136,869
16,3,1697,5,1,0,276,170,1154,825
16,3,1697,6,3,3,276,187,1155,483
16,3,1697,7,2,2,277,178,1209,451
16,3,1697,8,7,12,280,185,1249,663
16,3,1697,9,2,3,282,169,1017,440
16,3,1697,10,3,3,283,181,1244,659
16,3,1697,11,1,0,284,174,946,460
16,4,1491,1,1,0,252,282,571,25
16,4,1491,2,1,0,259,281,557,349
16,4,1491,3,1,0,263,288,604,614
16,4,1491,4,1,0,264,282,692,702
16,4,1491,5,2,2,265,292,775,460
16,4,1491,6,1,0,266,285,743,199
16,4,1491,7,1,0,266,297,567,472
16,4,1491,8,2,3,268,288,629,449
16,4,1491,9,2,2,277,295,635,567
16,4,1491,10,1,0,280,294,653,343
16,4,1491,11,2,2,286,292,699,476
16,4,1491,12,1,0,289,292,655,206
16,4,1491,13,1,0,290,289,568,0
16,4,1491,14,1,0,298,297,1150,265
16,4,1491,15,3,5,301,299,892,467
16,4,1491,16,2,2,304,303,571,93
16,4,1491,17,1,0,307,304,816,0
16,4,1491,18,1,0,313,331,686,121
16,4,1491,19,1,0,317,305,557,167
16,4,1491,20,1,0,317,333,563,313
16,5,1347,1,1,0,293,169,1189,503
16,5,1347,2,1,0,295,177,553,131
16,5,1347,3,5,7,296,181,935,439
16,5,1347,4,3,3,297,174,753,473
16,5,1347,5,1,0,301,157,594,342
16,5,1347,6,1,0,304,171,637,235
16,5,1347,7,1,0,305,174,597,68
16,5,1347,8,1,0,311,156,605,458
16,5,1347,9,1,0,317,164,1033,602
16,5,1347,10,1,0,318,167,798,733
16,5,1347,11,2,2,319,169,896,472
16,5,1347,12,2,2,321,164,590,21
16,5,1347,13,1,0,339,180,854,143
16,6,1488,1,1,0,332,346,586,247
16,6,1488,2,1,0,335,337,660,163
16,6,1488,3,1,0,337,343,619,371
16,6,1488,4,1,0,337,355,594,395
16,6,1488,5,1,0,341,352,614,491
16,6,1488,6,1,0,343,346,578,247
16,6,1488,7,2,3,344,351,709,570
16,6,1488,8,1,0,347,356,581,635
16,6,1488,9,2,3,352,314,705,341
16,6,1488,10,1,0,353,326,637,0
16,6,1488,11,3,5,356,311,703,266
16,6,1488,12,1,0,357,313,709,247
16,6,1488,13,1,0,360,314,657,403
16,6,1488,14,2,3,362,306,1035,215
16,6,1488,15,1,0,363,302,595,645
16,6,1488,16,1,0,365,306,907,112
16,6,1488,17,1,0,366,297,964,1003
16,6,1488,18,1,0,367,354,579,547
16,6,1488,19,2,2,370,347,937,141
16,6,1488,20,1,0,372,309,599,682
16,6,1488,21,1,0,381,300,589,378
17,1,1967,1,1,0,198,311,751,316
17,1,1967,2,1,0,204,313,1186,1372
17,1,1967,3,2,2,209,274,1052,834
17,1,1967,4,5,5,209,290,1001,871
17,1,1967,5,7,7,212,284,1060,835
17,1,1967,6,5,6,211,298,1229,891
17,1,1967,7,2,3,212,288,1193,749
17,1,1967,8,1,0,213,314,875,526
17,1,1967,9,1,0,216,260,832,407
17,1,1967,10,6,10,217,270,1288,831
17,1,1967,11,1,0,219,287,920,693
17,1,1967,12,1,0,220,335,773,347
17,1,1967,13,4,4,222,289,1216,718
17,1,1967,14,5,8,223,292,970,620
17,1,1967,15,1,0,221,295,899,433
17,1,1967,16,2,3,223,282,847,655
17,1,1967,17,1,0,223,302,1304,1413
17,1,1967,18,2,2,225,275,990,636
17,1,1967,19,4,4,226,307,1188,929
17,1,1967,20,1,0,226,289,767,787
17,1,1967,21,2,2,229,288,812,512
17,1,1967,22,1,0,229,278,1596,783
17,1,1967,23,1,0,232,270,812,130
17,1,1967,24,1,0,233,311,760,218
17,1,1967,25,2,2,235,294,1129,404
17,1,1967,26,1,0,239,286,743,568
17,1,1967,27,1,0,242,296,942,547
17,2,2454,1,1,0,255,365,1425,1093
17,2,2454,2,2,2,262,351,1414,859
17,2,2454,3,1,0,262,369,1441,803
17,2,2454,4,1,0,263,371,1724,937
17,2,2454,5,1,0,265,351,1108,348
17,2,2454,6,2,2,266,366,1432,937
17,2,2454,7,6,8,269,368,1841,1030
17,2,2454,8,1,0,269,351,1165,937
17,2,2454,9,1,0,270,371,1207,297
17,2,2454,10,2,2,274,371,2341,1064
17,2,2454,11,1,0,277,354,1250,554
17,2,2454,12,2,2,280,364,1605,1581
17,2,2454,13,2,3,280,373,1194,521
17,2,2454,14,1,0,284,342,1259,1014
17,2,2454,15,3,3,289,343,1721,921
17,2,2454,16,1,0,288,372,1187,905
17,3,1670,1,1,0,268,181,1555,754
17,3,1670,2,2,2,275,177,1120,685
17,3,1670,3,3,3,276,188,1404,537
17,3,1670,4,1,0,275,191,1068,886
17,3,1670,5,1,0,276,170,1419,1122
17,3,1670,6,2,2,278,178,1306,300
17,3,1670,7,8,12,280,185,1105,587
17,3,1670,8,1,0,278,190,953,693
17,3,1670,9,1,0,281,167,871,423
17,3,1670,10,3,4,282,181,1219,831
17,3,1670,11,2,2,284,174,988,421
17,4,1517,1,1,0,256,281,585,283
17,4,1517,2,3,3,262,289,635,373
17,4,1517,3,2,3,265,294,730,398
17,4,1517,4,1,0,267,288,582,255
17,4,1517,5,1,0,272,287,582,276
17,4,1517,6,1,0,275,285,595,49
17,4,1517,7,3,3,276,294,750,485
17,4,1517,8,1,0,280,296,937,523
17,4,1517,9,1,0,286,293,810,606
17,4,1517,10,2,3,288,292,585,567
17,4,1517,11,1,0,299,297,830,217
17,4,1517,12,3,4,301,300,891,434
17,4,1517,13,1,0,304,295,584,191
17,4,1517,14,3,3,308,298,800,460
17,4,1517,15,1,0,318,304,591,436
17,4,1517,16,1,0,320,331,602,227
17,4,1517,17,1,0,324,332,586,0
17,5,1368,1,1,0,294,151,607,180
17,5,1368,2,1,0,294,169,747,651
17,5,1368,3,2,2,296,175,736,599
17,5,1368,4,5,5,296,182,935,538
17,5,1368,5,1,0,306,163,1075,290
17,5,1368,6,2,3,311,156,768,689
17,5,1368,7,2,2,314,163,746,476
17,5,1368,8,1,0,317,164,690,575
17,5,1368,9,2,2,318,168,689,475
17,5,1368,10,1,0,319,161,564,0
17,5,1368,11,1,0,326,198,788,341
17,5,1368,12,1,0,340,180,632,261
17,5,1368,13,1,0,340,184,837,400
17,6,1486,1,2,2,332,345,601,368
17,6,1486,2,1,0,335,356,652,174
17,6,1486,3,2,3,337,343,986,716
17,6,1486,4,1,0,337,338,915,301
17,6,1486,5,1,0,340,350,591,356
17,6,1486,6,2,2,341,352,819,509
17,6,1486,7,1,0,341,331,590,0
17,6,1486,8,1,0,346,354,629,422
17,6,1486,9,2,2,351,315,894,440
17,6,1486,10,2,2,355,312,635,410
17,6,1486,11,1,0,357,309,610,297
17,6,1486,12,1,0,357,313,702,614
17,6,1486,13,3,4,362,305,768,325
17,6,1486,14,2,3,364,302,761,552
17,6,1486,15,1,0,365,306,690,472
17,6,1486,16,3,3,370,346,671,139
17,6,1486,17,1,0,375,311,894,440
18,1,1954,1,1,0,204,313,1207,729
18,1,1954,2,2,2,205,288,802,380
18,1,1954,3,1,0,206,284,708,341
18,1,1954,4,1,0,206,310,714,795
18,1,1954,5,2,2,209,274,1000,751
18,1,1954,6,2,2,209,290,1264,1123
18,1,1954,7,2,3,210,287,790,712
18,1,1954,8,4,6,211,284,1178,976
18,1,1954,9,6,7,210,297,1038,921
18,1,1954,10,2,2,214,273,866,637
18,1,1954,11,3,3,216,270,1659,791
18,1,1954,12,2,3,217,305,751,460
18,1,1954,13,2,2,218,294,750,740
18,1,1954,14,1,0,219,268,806,546
18,1,1954,15,3,5,221,288,1285,819
18,1,1954,16,1,0,222,293,955,932
18,1,1954,17,5,7,224,290,1446,843
18,1,1954,18,1,0,223,296,716,313
18,1,1954,19,1,0,223,302,1663,1159
18,1,1954,20,1,0,225,269,873,579
18,1,1954,21,1,0,225,274,1044,762
18,1,1954,22,5,6,226,307,1107,727
18,1,1954,23,2,3,227,291,767,367
18,1,1954,24,1,0,228,288,893,515
18,1,1954,25,1,0,229,267,718,572
18,1,1954,26,1,0,229,278,1071,881
18,1,1954,27,1,0,230,293,746,345
18,1,1954,28,1,0,233,311,708,101
18,1,1954,29,1,0,234,294,881,353
18,1,1954,30,1,0,238,291,740,535
18,1,1954,31,1,0,240,293,902,708
18,1,1954,32,2,3,243,285,843,1076
18,1,1954,33,1,0,243,299,1112,0
18,2,2423,1,2,2,255,355,1241,614
18,2,2423,2,2,2,262,351,1711,646
18,2,2423,3,2,2,262,369,1290,734
18,2,2423,4,1,0,263,371,1256,720
18,2,2423,5,2,3,266,366,1449,831
18,2,2423,6,6,8,269,367,1472,868
18,2,2423,7,1,0,269,351,1925,1311
18,2,2423,8,1,0,270,371,1161,682
18,2,2423,9,3,3,274,371,1424,747
18,2,2423,10,1,0,277,354,1712,842
18,2,2423,11,3,4,279,364,1320,829
18,2,2423,12,1,0,281,354,1313,31
18,2,2423,13,1,0,282,341,1185,1038
18,2,2423,14,2,2,289,342,1537,761
18,3,1747,1,1,0,264,182,918,252
18,3,1747,2,1,0,268,181,1171,586
18,3,1747,3,1,0,273,161,1242,353
18,3,1747,4,1,0,274,177,1320,1032
18,3,1747,5,3,3,276,187,1268,514
18,3,1747,6,2,2,276,170,929,552
18,3,1747,7,2,2,277,178,1572,439
18,3,1747,8,2,2,279,185,1169,609
18,3,1747,9,1,0,278,190,930,367
18,3,1747,10,3,4,279,167,1003,483
18,3,1747,11,5,5,282,181,1282,726
18,3,1747,12,2,2,282,184,1101,573
18,3,1747,13,1,0,281,190,960,347
18,3,1747,14,1,0,284,175,1261,431
18,4,1514,1,1,0,261,286,613,497
18,4,1514,2,1,0,261,288,586,143
18,4,1514,3,1,0,261,294,686,470
18,4,1514,4,1,0,262,280,644,266
18,4,1514,5,2,3,265,294,854,375
18,4,1514,6,1,0,265,282,639,421
18,4,1514,7,1,0,267,299,587,216
18,4,1514,8,1,0,271,286,702,409
18,4,1514,9,1,0,276,294,642,749
18,4,1514,10,2,2,287,291,927,387
18,4,1514,11,1,0,286,293,617,170
18,4,1514,12,2,2,299,297,642,289
18,4,1514,13,1,0,299,299,627,329
18,4,1514,14,3,4,301,300,889,366
18,4,1514,15,1,0,304,295,739,414
18,4,1514,16,1,0,304,302,875,216
18,4,1514,17,2,2,309,298,760,326
18,4,1514,18,1,0,310,309,605,28
18,4,1514,19,1,0,312,332,603,197
18,4,1514,20,1,0,321,331,630,409
18,5,1357,1,1,0,294,168,892,840
18,5,1357,2,1,0,296,176,574,499
18,5,1357,3,5,5,296,181,1047,602
18,5,1357,4,1,0,297,166,659,101
18,5,1357,5,1,0,298,161,554,515
18,5,1357,6,1,0,298,178,682,0
18,5,1357,7,1,0,306,163,595,297
18,5,1357,8,1,0,307,153,661,164
18,5,1357,9,3,3,310,155,772,628
18,5,1357,10,2,2,313,163,649,522
18,5,1357,11,2,2,317,165,709,405
18,5,1357,12,1,0,318,167,577,641
18,5,1357,13,1,0,337,175,622,550
18,6,1482,1,1,0,330,345,578,333
18,6,1482,2,1,0,332,345,656,530
18,6,1482,3,2,2,337,343,810,337
18,6,1482,4,1,0,337,339,717,440
18,6,1482,5,1,0,339,344,723,559
18,6,1482,6,1,0,340,337,654,136
18,6,1482,7,1,0,340,352,611,299
18,6,1482,8,1,0,343,348,635,176
18,6,1482,9,2,3,345,354,619,425
18,6,1482,10,2,2,348,353,646,195
18,6,1482,11,1,0,351,314,1427,457
18,6,1482,12,1,0,356,310,797,528
18,6,1482,13,2,2,358,313,848,472
18,6,1482,14,1,0,357,352,601,161
18,6,1482,15,2,2,362,305,935,354
18,6,1482,16,1,0,363,300,1426,582
18,6,1482,17,1,0,364,307,591,596
18,6,1482,18,1,0,366,306,709,683
18,6,1482,19,1,0,370,340,823,58
18,6,1482,20,2,2,370,347,821,251
18,6,1482,21,1,0,375,310,575,319
19,1,1963,1,1,0,204,313,959,835
19,1,1963,2,2,2,205,287,956,572
19,1,1963,3,1,0,206,310,1354,913
19,1,1963,4,1,0,208,274,1434,914
19,1,1963,5,3,3,209,291,1145,1252
19,1,1963,6,9,11,211,284,1046,645
19,1,1963,7,1,0,210,279,722,143
19,1,1963,8,2,2,211,296,918,943
19,1,1963,9,3,3,210,298,1416,1038
19,1,1963,10,1,0,211,288,777,410
19,1,1963,11,1,0,213,313,801,134
19,1,1963,12,2,2,216,269,1374,769
19,1,1963,13,2,2,218,274,1099,535
19,1,1963,14,8,15,222,288,1012,823
19,1,1963,15,1,0,220,265,1134,1427
19,1,1963,16,1,0,221,294,1299,599
19,1,1963,17,1,0,222,282,1088,377
19,1,1963,18,1,0,223,280,996,481
19,1,1963,19,1,0,223,292,1481,418
19,1,1963,20,1,0,223,302,1004,864
19,1,1963,21,1,0,224,298,968,127
19,1,1963,22,3,3,226,306,1188,1182
19,1,1963,23,1,0,227,309,785,319
19,1,1963,24,1,0,228,288,811,808
19,1,1963,25,2,2,229,295,902,509
19,1,1963,26,1,0,229,278,1042,895
19,1,1963,27,1,0,229,335,743,448
19,1,1963,28,1,0,230,290,724,43
19,1,1963,29,1,0,230,293,1070,966
19,1,1963,30,1,0,231,280,1531,882
19,1,1963,31,4,4,234,294,1021,491
19,1,1963,32,1,0,239,293,716,401
19,1,1963,33,2,2,242,285,879,1053
19,2,2503,1,1,0,254,354,1447,813
19,2,2503,2,1,0,254,364,1329,597
19,2,2503,3,1,0,262,351,1497,333
19,2,2503,4,1,0,262,367,1372,1039
19,2,2503,5,1,0,262,369,1468,764
19,2,2503,6,1,0,263,371,1373,676
19,2,2503,7,1,0,265,362,1586,575
19,2,2503,8,2,3,266,366,1465,812
19,2,2503,9,1,0,267,346,1205,1112
19,2,2503,10,4,4,268,368,1468,687
19,2,2503,11,2,2,270,351,1378,1104
19,2,2503,12,3,3,270,367,1520,800
19,2,2503,13,2,2,271,371,1340,921
19,2,2503,14,3,3,274,370,1418,964
19,2,2503,15,1,0,280,363,1573,1454
19,2,2503,16,2,2,280,371,1262,466
19,2,2503,17,2,2,289,342,1908,1148
19,3,1598,1,1,0,267,181,925,265
19,3,1598,2,1,0,271,173,806,127
19,3,1598,3,1,0,272,179,774,271
19,3,1598,4,1,0,274,177,1120,274
19,3,1598,5,3,3,276,187,1309,552
19,3,1598,6,1,0,276,169,1137,849
19,3,1598,7,1,0,277,166,810,374
19,3,1598,8,1,0,277,178,1609,469
19,3,1598,9,1,0,278,175,840,283
19,3,1598,10,4,5,279,186,987,540
19,3,1598,11,1,0,279,166,941,572
19,3,1598,12,3,3,280,184,969,207
19,3,1598,13,3,3,281,168,975,471
19,3,1598,14,2,2,283,181,1000,466
19,3,1598,15,1,0,283,174,773,374
19,3,1598,16,1,0,283,183,912,205
19,4,1472,1,1,0,253,281,590,110
19,4,1472,2,1,0,258,283,581,126
19,4,1472,3,1,0,263,293,705,239
19,4,1472,4,2,2,266,286,627,218
19,4,1472,5,1,0,268,284,565,560
19,4,1472,6,1,0,269,295,549,324
19,4,1472,7,2,3,271,289,586,278
19,4,1472,8,1,0,273,287,566,134
19,4,1472,9,1,0,273,297,617,239
19,4,1472,10,1,0,287,291,635,366
19,4,1472,11,1,0,290,294,690,452
19,4,1472,12,5,8,300,298,802,227
19,4,1472,13,1,0,304,295,742,150
19,4,1472,14,1,0,304,302,600,532
19,4,1472,15,1,0,307,300,559,185
19,4,1472,16,2,2,310,298,677,616
19,4,1472,17,1,0,309,311,542,220
19,4,1472,18,1,0,312,300,722,114
19,4,1472,19,1,0,312,312,555,35
19,4,1472,20,1,0,317,332,730,316
19,5,1369,1,1,0,294,168,831,640
19,5,1369,2,4,5,296,182,965,371
19,5,1369,3,3,3,297,175,725,493
19,5,1369,4,1,0,298,163,590,528
19,5,1369,5,1,0,304,161,623,360
19,5,1369,6,2,2,306,163,722,274
19,5,1369,7,2,2,305,174,647,243
19,5,1369,8,1,0,307,152,593,443
19,5,1369,9,3,5,310,155,1043,566
19,5,1369,10,2,2,317,164,678,404
19,5,1369,11,1,0,316,168,628,0
19,6,1513,1,1,0,334,339,630,407
19,6,1513,2,1,0,336,336,609,0
19,6,1513,3,3,3,337,339,681,354
19,6,1513,4,1,0,336,343,1068,705
19,6,1513,5,1,0,337,345,723,537
19,6,1513,6,1,0,339,341,606,348
19,6,1513,7,1,0,339,348,651,202
19,6,1513,8,1,0,340,351,711,474
19,6,1513,9,1,0,348,356,602,534
19,6,1513,10,3,3,352,314,817,182
19,6,1513,11,1,0,353,354,613,0
19,6,1513,12,1,0,356,310,850,302
19,6,1513,13,1,0,357,306,626,522
19,6,1513,14,3,3,363,300,713,372
19,6,1513,15,2,2,362,305,658,376
19,6,1513,16,2,2,364,302,684,472
19,6,1513,17,2,2,370,347,873,332
19,6,1513,18,1,0,372,343,608,326
19,6,1513,19,1,0,381,302,602,326
20,1,2047,1,1,0,201,312,786,111
20,1,2047,2,2,2,205,313,1179,1344
20,1,2047,3,2,2,206,287,835,478
20,1,2047,4,1,0,206,307,1266,985
20,1,2047,5,1,0,206,316,845,394
20,1,2047,6,1,0,207,310,767,757
20,1,2047,7,2,2,209,278,1135,697
20,1,2047,8,3,4,209,291,1179,1267
20,1,2047,9,1,0,210,299,889,514
20,1,2047,10,1,0,210,301,1740,1578
20,1,2047,11,1,0,210,320,859,562
20,1,2047,12,7,8,212,283,1038,1036
20,1,2047,13,1,0,212,289,873,523
20,1,2047,14,2,2,215,316,909,463
20,1,2047,15,3,3,217,269,1509,747
20,1,2047,16,2,2,217,305,796,174
20,1,2047,17,1,0,218,263,819,371
20,1,2047,18,1,0,218,275,1096,942
20,1,2047,19,1,0,220,263,860,824
20,1,2047,20,6,8,223,293,1190,846
20,1,2047,21,2,2,222,288,1174,905
20,1,2047,22,1,0,223,302,1165,1086
20,1,2047,23,1,0,224,297,801,446
20,1,2047,24,2,2,226,274,1207,968
20,1,2047,25,1,0,225,289,1699,1209
20,1,2047,26,4,6,227,307,1123,915
20,1,2047,27,1,0,227,263,800,524
20,1,2047,28,1,0,228,271,787,513
20,1,2047,29,1,0,229,288,837,381
20,1,2047,30,1,0,230,278,889,580
20,1,2047,31,2,2,231,280,1057,892
20,1,2047,32,2,2,234,293,999,206
20,1,2047,33,1,0,237,291,768,548
20,1,2047,34,1,0,243,286,837,696
20,1,2047,35,1,0,243,288,995,1519
20,1,2047,36,1,0,244,292,943,638
20,2,2419,1,1,0,255,364,1610,1192
20,2,2419,2,1,0,263,371,1333,904
20,2,2419,3,1,0,265,367,1228,1143
20,2,2419,4,1,0,266,365,1186,600
20,2,2419,5,1,0,267,372,1075,380
20,2,2419,6,7,11,269,367,1618,973
20,2,2419,7,2,2,270,352,1455,1221
20,2,2419,8,1,0,271,371,2082,1237
20,2,2419,9,2,3,275,371,1799,1182
20,2,2419,10,1,0,277,354,1596,594
20,2,2419,11,1,0,278,340,1056,495
20,2,2419,12,3,3,281,363,1441,1158
20,2,2419,13,1,0,281,370,1562,792
20,2,2419,14,3,3,287,376,1204,620
20,2,2419,15,2,2,289,342,1736,1067
20,3,1710,1,1,0,268,181,1066,609
20,3,1710,2,1,0,272,181,872,669
20,3,1710,3,2,2,274,178,991,258
20,3,1710,4,2,2,276,170,974,644
20,3,1710,5,1,0,276,187,1780,928
20,3,1710,6,2,2,278,178,1016,519
20,3,1710,7,3,5,279,167,1003,394
20,3,1710,8,4,5,279,185,1105,618
20,3,1710,9,4,4,282,168,991,555
20,3,1710,10,2,2,283,181,988,631
20,3,1710,11,2,3,283,184,1063,406
20,3,1710,12,1,0,284,171,1038,797
20,3,1710,13,1,0,284,175,912,251
20,4,1550,1,1,0,258,285,640,91
20,4,1550,2,1,0,259,287,670,345
20,4,1550,3,1,0,264,292,1178,668
20,4,1550,4,5,10,269,289,640,381
20,4,1550,5,1,0,268,297,617,556
20,4,1550,6,1,0,276,298,630,358
20,4,1550,7,1,0,276,303,596,405
20,4,1550,8,1,0,277,294,723,709
20,4,1550,9,1,0,280,293,769,352
20,4,1550,10,1,0,286,293,876,178
20,4,1550,11,1,0,287,291,993,547
20,4,1550,12,1,0,293,296,617,448
20,4,1550,13,1,0,295,291,601,234
20,4,1550,14,1,0,299,297,984,646
20,4,1550,15,2,2,301,300,785,425
20,4,1550,16,1,0,303,297,1357,675
20,4,1550,17,1,0,305,295,780,329
20,4,1550,18,1,0,310,299,732,292
20,4,1550,19,1,0,315,331,618,183
20,4,1550,20,1,0,318,331,607,61
20,4,1550,21,1,0,322,328,612,213
20,5,1374,1,2,2,295,169,884,815
20,5,1374,2,2,2,296,182,1332,765
20,5,1374,3,1,0,297,175,666,859
20,5,1374,4,1,0,298,157,643,641
20,5,1374,5,1,0,298,167,547,446
20,5,1374,6,1,0,299,165,582,242
20,5,1374,7,1,0,301,183,676,249
20,5,1374,8,1,0,304,151,564,310
20,5,1374,9,1,0,305,174,575,109
20,5,1374,10,2,2,307,163,1159,528
20,5,1374,11,2,2,311,155,1141,685
20,5,1374,12,1,0,310,163,547,118
20,5,1374,13,1,0,314,162,615,342
20,5,1374,14,2,3,317,164,659,459
20,5,1374,15,1,0,338,175,637,409
20,5,1374,16,1,0,343,177,786,257
20,6,1558,1,1,0,332,344,635,378
20,6,1558,2,2,2,337,339,741,576
20,6,1558,3,1,0,336,343,719,475
20,6,1558,4,1,0,340,351,986,793
20,6,1558,5,1,0,340,353,684,512
20,6,1558,6,1,0,342,327,640,503
20,6,1558,7,1,0,343,355,719,209
20,6,1558,8,3,5,345,353,751,500
20,6,1558,9,3,5,352,314,842,384
20,6,1558,10,3,5,356,310,835,477
20,6,1558,11,1,0,358,313,687,237
20,6,1558,12,1,0,359,306,615,327
20,6,1558,13,1,0,362,306,734,174
20,6,1558,14,2,3,364,304,786,367
20,6,1558,15,1,0,364,300,937,930
20,6,1558,16,1,0,367,329,641,72
20,6,1558,17,1,0,368,307,676,429
20,6,1558,18,1,0,370,346,659,650
20,6,1558,19,1,0,375,296,685,402
20,6,1558,20,1,0,379,316,650,418
21,1,2072,1,1,0,206,301,784,514
21,1,2072,2,2,2,206,307,1000,628
21,1,2072,3,1,0,207,309,826,511
21,1,2072,4,1,0,208,278,966,450
21,1,2072,5,1,0,208,283,1164,499
21,1,2072,6,2,2,208,315,1000,1210
21,1,2072,7,5,6,210,291,1061,1145
21,1,2072,8,3,3,211,297,1201,964
21,1,2072,9,3,3,210,301,1102,937
21,1,2072,10,4,5,213,283,1432,949
21,1,2072,11,1,0,213,267,927,209
21,1,2072,12,1,0,215,271,2086,1190
21,1,2072,13,1,0,216,265,809,488
21,1,2072,14,1,0,219,263,825,0
21,1,2072,15,1,0,219,293,955,528
21,1,2072,16,1,0,220,261,882,384
21,1,2072,17,6,10,223,288,1338,1083
21,1,2072,18,7,7,222,294,1059,794
21,1,2072,19,1,0,223,278,819,778
21,1,2072,20,2,2,224,302,954,909
21,1,2072,21,1,0,224,299,929,397
21,1,2072,22,2,2,226,274,1300,652
21,1,2072,23,5,5,227,306,1262,1137
21,1,2072,24,1,0,227,269,1255,500
21,1,2072,25,1,0,228,288,1009,186
21,1,2072,26,1,0,229,278,1076,622
21,1,2072,27,1,0,230,293,828,240
21,1,2072,28,1,0,230,336,754,519
21,1,2072,29,1,0,233,311,857,587
21,1,2072,30,2,2,235,294,1366,330
21,1,2072,31,1,0,235,287,862,1150
21,1,2072,32,1,0,243,289,856,886
21,2,2595,1,2,2,255,364,1714,954
21,2,2595,2,1,0,266,365,1199,81
21,2,2595,3,1,0,267,346,1210,519
21,2,2595,4,1,0,267,372,1468,831
21,2,2595,5,3,4,268,367,2061,1015
21,2,2595,6,2,2,270,351,1956,1301
21,2,2595,7,2,2,271,368,1595,1217
21,2,2595,8,1,0,271,348,1226,578
21,2,2595,9,1,0,271,371,1783,1015
21,2,2595,10,1,0,273,374,1235,1084
21,2,2595,11,4,5,275,370,1242,716
21,2,2595,12,4,5,280,363,1654,1317
21,2,2595,13,1,0,281,369,1253,1092
21,2,2595,14,1,0,282,354,1399,650
21,2,2595,15,3,3,289,342,1515,1074
21,3,1743,1,1,0,268,181,903,214
21,3,1743,2,1,0,272,183,886,487
21,3,1743,3,2,2,275,177,936,449
21,3,1743,4,2,2,276,188,1014,566
21,3,1743,5,1,0,277,164,942,806
21,3,1743,6,2,3,279,176,973,365
21,3,1743,7,1,0,278,178,2019,401
21,3,1743,8,1,0,279,167,1266,490
21,3,1743,9,5,5,279,185,1146,751
21,3,1743,10,4,4,282,168,1055,571
21,3,1743,11,1,0,282,195,1064,679
21,3,1743,12,2,2,284,181,1230,492
21,3,1743,13,1,0,284,174,1047,727
21,3,1743,14,1,0,284,183,933,487
21,4,1587,1,1,0,258,285,668,332
21,4,1587,2,1,0,260,281,610,836
21,4,1587,3,1,0,262,292,607,315
21,4,1587,4,1,0,264,279,598,673
21,4,1587,5,2,2,264,293,890,408
21,4,1587,6,1,0,268,297,602,507
21,4,1587,7,1,0,269,288,631,425
21,4,1587,8,1,0,270,286,750,784
21,4,1587,9,1,0,276,301,643,476
21,4,1587,10,1,0,277,294,860,856
21,4,1587,11,1,0,287,292,598,502
21,4,1587,12,1,0,289,294,651,348
21,4,1587,13,3,4,299,297,663,443
21,4,1587,14,3,3,301,300,760,456
21,4,1587,15,1,0,304,302,680,196
21,4,1587,16,2,2,305,296,667,114
21,4,1587,17,2,2,315,331,726,380
21,4,1587,18,2,3,320,328,665,252
21,4,1587,19,1,0,320,331,616,337
21,5,1473,1,2,2,296,169,764,473
21,5,1473,2,6,8,296,181,995,667
21,5,1473,3,3,3,297,174,891,558
21,5,1473,4,3,3,307,163,911,706
21,5,1473,5,1,0,308,155,696,283
21,5,1473,6,4,4,311,155,766,350
21,5,1473,7,2,2,314,163,687,463
21,6,1615,1,2,2,337,339,1026,456
21,6,1615,2,2,3,337,343,734,299
21,6,1615,3,2,2,340,351,777,532
21,6,1615,4,1,0,343,355,684,362
21,6,1615,5,6,7,345,354,699,639
21,6,1615,6,1,0,345,351,680,341
21,6,1615,7,2,2,353,314,901,419
21,6,1615,8,3,5,356,310,836,395
21,6,1615,9,1,0,358,313,688,763
21,6,1615,10,1,0,359,308,692,20
21,6,1615,11,1,0,363,305,790,541
21,6,1615,12,2,2,364,301,890,770
21,6,1615,13,1,0,370,345,696,222
21,6,1615,14,1,0,375,306,641,448
21,6,1615,15,1,0,376,293,733,248
21,6,1615,16,1,0,379,316,672,479
21,6,1615,17,1,0,381,309,645,337
22,1,2051,1,1,0,205,287,752,294
22,1,2051,2,2,2,207,307,1006,567
22,1,2051,3,2,2,208,309,830,364
22,1,2051,4,1,0,209,278,800,377
22,1,2051,5,2,2,209,292,1624,1730
22,1,2051,6,2,2,209,316,1304,921
22,1,2051,7,1,0,210,301,1530,1517
22,1,2051,8,2,2,211,296,1147,1326
22,1,2051,9,4,5,213,283,1215,1225
22,1,2051,10,2,2,215,272,2010,602
22,1,2051,11,1,0,214,285,783,621
22,1,2051,12,2,2,219,263,767,680
22,1,2051,13,1,0,219,290,741,148
22,1,2051,14,1,0,219,293,737,844
22,1,2051,15,5,8,222,288,1073,1036
22,1,2051,16,1,0,221,290,878,205
22,1,2051,17,7,11,222,294,1048,578
22,1,2051,18,1,0,223,301,1048,1016
22,1,2051,19,2,3,225,276,1019,328
22,1,2051,20,1,0,227,268,860,606
22,1,2051,21,4,4,228,307,1556,979
22,1,2051,22,1,0,228,288,1667,1122
22,1,2051,23,1,0,228,295,706,493
22,1,2051,24,2,2,230,278,907,1054
22,1,2051,25,1,0,230,280,940,940
22,1,2051,26,1,0,232,273,709,195
22,1,2051,27,1,0,234,294,1031,501
22,1,2051,28,1,0,235,287,1067,988
22,1,2051,29,1,0,236,290,1015,638
22,1,2051,30,2,2,239,287,721,664
22,1,2051,31,2,2,242,288,1136,907
22,1,2051,32,1,0,241,293,723,331
22,1,2051,33,1,0,242,286,832,796
22,1,2051,34,1,0,242,291,768,686
22,1,2051,35,1,0,252,317,764,96
22,2,2554,1,2,2,254,364,1383,857
22,2,2554,2,1,0,264,371,1269,458
22,2,2554,3,1,0,266,362,1112,505
22,2,2554,4,4,5,267,366,1954,1104
22,2,2554,5,1,0,267,372,2016,989
22,2,2554,6,1,0,270,351,2091,1942
22,2,2554,7,1,0,270,370,1128,976
22,2,2554,8,1,0,271,349,2211,1606
22,2,2554,9,2,2,271,368,1357,774
22,2,2554,10,5,8,275,370,1431,1016
22,2,2554,11,3,3,281,363,1667,1432
22,2,2554,12,1,0,280,371,1453,660
22,2,2554,13,2,2,282,369,1384,712
22,2,2554,14,2,2,282,354,1155,558
22,2,2554,15,1,0,289,342,2341,1220
22,3,1797,1,1,0,268,181,1210,646
22,3,1797,2,1,0,272,173,898,335
22,3,1797,3,1,0,272,181,1215,1090
22,3,1797,4,1,0,272,183,977,757
22,3,1797,5,2,2,275,177,1246,460
22,3,1797,6,2,2,276,189,1086,439
22,3,1797,7,1,0,277,170,1049,461
22,3,1797,8,2,2,278,178,1329,616
22,3,1797,9,1,0,278,166,884,443
22,3,1797,10,1,0,279,168,1116,599
22,3,1797,11,8,14,281,184,1277,615
22,3,1797,12,2,2,281,168,1138,825
22,3,1797,13,1,0,281,181,894,469
22,3,1797,14,2,2,284,181,1001,587
22,4,1642,1,1,0,259,285,637,382
22,4,1642,2,1,0,260,281,770,283
22,4,1642,3,1,0,261,288,663,401
22,4,1642,4,1,0,263,292,746,566
22,4,1642,5,1,0,263,295,787,350
22,4,1642,6,1,0,264,281,672,295
22,4,1642,7,1,0,265,286,637,537
22,4,1642,8,1,0,265,293,738,538
22,4,1642,9,4,6,268,286,744,582
22,4,1642,10,1,0,270,288,710,422
22,4,1642,11,1,0,273,300,658,118
22,4,1642,12,1,0,276,302,764,529
22,4,1642,13,1,0,286,291,657,89
22,4,1642,14,1,0,299,297,1534,844
22,4,1642,15,3,6,301,300,1044,578
22,4,1642,16,1,0,307,303,732,283
22,4,1642,17,1,0,313,301,743,440
22,4,1642,18,1,0,317,330,710,354
22,4,1642,19,1,0,317,332,751,0
22,4,1642,20,1,0,319,330,662,481
22,4,1642,21,1,0,319,333,637,139
22,4,1642,22,1,0,320,327,761,158
22,4,1642,23,1,0,322,332,671,420
22,5,1578,1,1,0,295,168,741,350
22,5,1578,2,4,5,296,181,1493,789
22,5,1578,3,1,0,298,175,897,585
22,5,1578,4,1,0,304,170,1230,377
22,5,1578,5,2,2,307,163,1369,561
22,5,1578,6,1,0,307,155,877,381
22,5,1578,7,3,3,311,154,853,519
22,5,1578,8,1,0,310,162,800,122
22,5,1578,9,1,0,314,162,974,741
22,5,1578,10,3,3,318,164,741,411
22,5,1578,11,1,0,318,168,846,532
22,5,1578,12,1,0,347,181,722,240
22,6,1615,1,1,0,326,355,717,237
22,6,1615,2,2,2,333,342,686,430
22,6,1615,3,2,2,337,342,1064,703
22,6,1615,4,1,0,339,346,688,556
22,6,1615,5,1,0,340,349,769,241
22,6,1615,6,2,2,340,352,750,487
22,6,1615,7,1,0,343,346,733,307
22,6,1615,8,2,2,345,354,763,646
22,6,1615,9,1,0,352,314,805,156
22,6,1615,10,1,0,352,319,654,376
22,6,1615,11,4,5,356,310,812,511
22,6,1615,12,1,0,358,313,639,411
22,6,1615,13,1,0,361,327,676,133
22,6,1615,14,2,3,364,304,660,537
22,6,1615,15,1,0,364,300,749,563
22,6,1615,16,2,2,365,306,644,159
22,6,1615,17,1,0,370,346,692,295
22,6,1615,18,1,0,376,310,631,447
23,1,2179,1,1,0,204,317,875,292
23,1,2179,2,1,0,207,283,1178,489
23,1,2179,3,3,3,208,308,1095,832
23,1,2179,4,5,6,210,291,1101,880
23,1,2179,5,2,2,210,316,1034,1194
23,1,2179,6,3,3,211,295,1075,1234
23,1,2179,7,1,0,210,301,1971,1150
23,1,2179,8,1,0,211,279,944,248
23,1,2179,9,5,5,213,282,1410,1034
23,1,2179,10,5,6,215,272,1292,477
23,1,2179,11,1,0,219,263,819,787
23,1,2179,12,2,3,220,275,887,531
23,1,2179,13,1,0,219,293,1042,1037
23,1,2179,14,6,10,223,288,985,859
23,1,2179,15,7,12,222,293,1141,756
23,1,2179,16,1,0,224,281,951,566
23,1,2179,17,1,0,225,277,1514,1052
23,1,2179,18,6,7,227,307,1301,980
23,1,2179,19,1,0,227,269,925,465
23,1,2179,20,2,2,228,289,928,621
23,1,2179,21,2,2,230,278,966,746
23,1,2179,22,2,2,239,286,1011,1112
23,1,2179,23,2,2,241,284,877,1006
23,1,2179,24,1,0,242,288,828,1100
23,1,2179,25,1,0,243,284,935,726
23,2,2655,1,3,3,254,364,1254,861
23,2,2655,2,1,0,256,352,1953,920
23,2,2655,3,5,5,267,366,1972,1087
23,2,2655,4,2,2,267,372,1459,1104
23,2,2655,5,1,0,269,354,1698,1898
23,2,2655,6,1,0,270,351,2124,1468
23,2,2655,7,2,2,271,367,1498,936
23,2,2655,8,1,0,271,349,1921,1547
23,2,2655,9,1,0,273,373,1376,1333
23,2,2655,10,3,5,275,370,1808,1116
23,2,2655,11,4,5,280,363,1873,1247
23,2,2655,12,1,0,282,354,1314,998
23,2,2655,13,1,0,287,370,1396,737
23,2,2655,14,2,2,289,342,1828,1228
23,3,1841,1,1,0,268,181,1268,679
23,3,1841,2,1,0,272,173,982,621
23,3,1841,3,2,3,273,181,1025,700
23,3,1841,4,1,0,272,183,1014,641
23,3,1841,5,2,2,275,177,1223,395
23,3,1841,6,1,0,277,189,1428,754
23,3,1841,7,1,0,278,166,1058,460
23,3,1841,8,1,0,278,178,1398,738
23,3,1841,9,1,0,278,180,969,700
23,3,1841,10,4,5,279,185,1291,751
23,3,1841,11,1,0,280,175,1102,629
23,3,1841,12,1,0,281,167,1186,438
23,3,1841,13,1,0,281,195,928,267
23,3,1841,14,1,0,282,179,1440,635
23,3,1841,15,6,10,284,183,1180,503
23,3,1841,16,1,0,284,171,1008,259
23,4,1677,1,1,0,259,277,692,560
23,4,1677,2,1,0,265,281,791,600
23,4,1677,3,1,0,265,293,718,333
23,4,1677,4,1,0,267,284,683,518
23,4,1677,5,1,0,273,296,673,421
23,4,1677,6,1,0,276,301,666,799
23,4,1677,7,1,0,277,294,731,821
23,4,1677,8,1,0,277,297,687,293
23,4,1677,9,2,2,287,291,820,383
23,4,1677,10,1,0,288,294,660,294
23,4,1677,11,1,0,294,296,822,149
23,4,1677,12,3,3,299,297,899,411
23,4,1677,13,5,5,301,299,944,690
23,4,1677,14,4,4,312,300,811,329
23,4,1677,15,1,0,313,333,688,432
23,4,1677,16,1,0,315,331,707,458
23,4,1677,17,1,0,326,321,664,131
23,5,1553,1,4,5,297,181,1534,998
23,5,1553,2,1,0,297,155,738,541
23,5,1553,3,1,0,298,175,1038,828
23,5,1553,4,1,0,299,155,679,426
23,5,1553,5,1,0,304,170,820,333
23,5,1553,6,5,5,307,163,888,447
23,5,1553,7,1,0,308,160,673,814
23,5,1553,8,2,3,311,155,994,700
23,5,1553,9,1,0,310,162,692,337
23,5,1553,10,1,0,315,164,788,508
23,5,1553,11,2,2,318,164,735,368
23,6,1600,1,1,0,332,346,684,302
23,6,1600,2,1,0,334,352,678,275
23,6,1600,3,2,2,337,342,816,680
23,6,1600,4,1,0,336,347,746,305
23,6,1600,5,2,2,340,352,868,423
23,6,1600,6,1,0,342,346,639,509
23,6,1600,7,1,0,344,353,690,372
23,6,1600,8,2,3,346,356,639,389
23,6,1600,9,1,0,349,317,740,139
23,6,1600,10,1,0,349,358,735,300
23,6,1600,11,4,6,352,314,770,408
23,6,1600,12,2,3,356,311,847,279
23,6,1600,13,2,3,359,314,853,285
23,6,1600,14,2,3,364,301,707,645
23,6,1600,15,1,0,369,345,605,318
23,6,1600,16,2,3,371,311,600,351
23,6,1600,17,1,0,372,334,694,306
23,6,1600,18,1,0,380,304,748,511
24,1,2140,1,1,0,198,297,866,313
24,1,2140,2,2,2,205,297,923,784
24,1,2140,3,1,0,205,287,915,482
24,1,2140,4,1,0,205,318,832,416
24,1,2140,5,1,0,208,278,793,454
24,1,2140,6,1,0,208,308,1988,889
24,1,2140,7,1,0,208,310,1060,741
24,1,2140,8,3,3,209,291,1210,1170
24,1,2140,9,1,0,210,286,842,477
24,1,2140,10,3,3,210,301,1331,692
24,1,2140,11,2,2,211,316,1219,1102
24,1,2140,12,3,3,211,296,994,1393
24,1,2140,13,5,5,213,282,1472,1041
24,1,2140,14,1,0,214,265,783,301
24,1,2140,15,2,2,216,271,1668,821
24,1,2140,16,1,0,215,319,882,889
24,1,2140,17,1,0,219,260,764,673
24,1,2140,18,2,2,220,263,1035,1007
24,1,2140,19,1,0,219,333,773,285
24,1,2140,20,3,3,222,288,1112,728
24,1,2140,21,4,8,222,292,1174,745
24,1,2140,22,1,0,221,295,775,498
24,1,2140,23,1,0,222,264,788,676
24,1,2140,24,1,0,223,295,856,726
24,1,2140,25,3,5,225,280,834,543
24,1,2140,26,1,0,224,299,1107,652
24,1,2140,27,1,0,225,277,1176,970
24,1,2140,28,1,0,225,289,1006,381
24,1,2140,29,5,5,227,307,1454,976
24,1,2140,30,2,3,229,289,773,361
24,1,2140,31,1,0,230,278,1133,923
24,1,2140,32,1,0,232,286,817,438
24,1,2140,33,1,0,239,285,907,1240
24,1,2140,34,1,0,241,283,832,983
24,1,2140,35,3,3,243,288,955,1077
24,2,2683,1,1,0,252,357,1456,916
24,2,2683,2,1,0,254,363,1442,1224
24,2,2683,3,1,0,266,363,1275,1232
24,2,2683,4,6,6,267,367,1774,1145
24,2,2683,5,1,0,266,372,1824,792
24,2,2683,6,1,0,269,354,1994,1306
24,2,2683,7,1,0,270,351,1896,1474
24,2,2683,8,1,0,271,349,1624,1040
24,2,2683,9,1,0,271,367,1654,1116
24,2,2683,10,1,0,273,373,1652,1486
24,2,2683,11,4,6,275,370,1537,1033
24,2,2683,12,3,3,281,363,1688,1497
24,2,2683,13,2,2,281,369,1350,611
24,2,2683,14,1,0,287,370,1815,1122
24,2,2683,15,1,0,287,375,1690,1625
24,2,2683,16,2,2,289,342,1671,1084
24,3,1759,1,1,0,268,181,1768,501
24,3,1759,2,1,0,272,183,847,625
24,3,1759,3,1,0,273,181,882,890
24,3,1759,4,2,2,275,177,1107,505
24,3,1759,5,3,3,278,178,1096,318
24,3,1759,6,2,2,278,190,870,683
24,3,1759,7,1,0,279,166,971,625
24,3,1759,8,1,0,279,168,1490,428
24,3,1759,9,4,4,280,185,1303,933
24,3,1759,10,2,2,281,168,1027,671
24,3,1759,11,1,0,282,179,1968,716
24,3,1759,12,2,2,284,181,867,527
24,3,1759,13,3,3,284,184,1090,470
24,3,1759,14,1,0,284,171,954,598
24,4,1668,1,1,0,259,278,654,360
24,4,1668,2,1,0,263,291,744,602
24,4,1668,3,3,4,265,293,833,440
24,4,1668,4,1,0,266,280,701,375
24,4,1668,5,1,0,267,289,669,300
24,4,1668,6,1,0,268,279,667,415
24,4,1668,7,1,0,269,288,667,648
24,4,1668,8,1,0,275,297,731,260
24,4,1668,9,1,0,276,301,917,703
24,4,1668,10,2,2,277,295,693,960
24,4,1668,11,2,2,287,292,652,815
24,4,1668,12,2,2,289,294,672,193
24,4,1668,13,2,2,300,297,996,589
24,4,1668,14,3,4,302,300,850,533
24,4,1668,15,1,0,304,295,733,105
24,4,1668,16,2,2,312,300,829,419
24,4,1668,17,1,0,315,331,746,301
24,4,1668,18,1,0,319,328,720,481
24,5,1573,1,6,6,296,181,1367,791
24,5,1573,2,1,0,301,183,736,411
24,5,1573,3,1,0,304,170,844,273
24,5,1573,4,1,0,307,162,1565,991
24,5,1573,5,1,0,307,164,1162,925
24,5,1573,6,2,2,308,160,1013,757
24,5,1573,7,1,0,310,162,764,326
24,5,1573,8,2,2,311,155,957,642
24,5,1573,9,1,0,314,161,814,641
24,5,1573,10,2,2,318,164,790,537
24,5,1573,11,1,0,321,163,755,417
24,5,1573,12,1,0,323,168,718,359
24,6,1614,1,1,0,327,355,607,289
24,6,1614,2,1,0,334,339,734,53
24,6,1614,3,1,0,336,342,843,521
24,6,1614,4,2,2,337,340,635,364
24,6,1614,5,2,2,341,351,956,818
24,6,1614,6,1,0,343,346,630,290
24,6,1614,7,1,0,345,355,615,353
24,6,1614,8,1,0,348,356,651,345
24,6,1614,9,1,0,351,315,624,390
24,6,1614,10,1,0,351,333,704,82
24,6,1614,11,1,0,351,337,714,493
24,6,1614,12,1,0,353,312,757,537
24,6,1614,13,3,3,356,311,869,461
24,6,1614,14,1,0,355,337,671,366
24,6,1614,15,1,0,358,313,644,459
24,6,1614,16,1,0,359,306,731,50
24,6,1614,17,1,0,364,300,1056,539
24,6,1614,18,2,3,365,303,735,514
24,6,1614,19,2,2,365,307,742,262
24,6,1614,20,1,0,373,306,619,408
24,6,1614,21,1,0,378,303,623,268
25,1,2183,1,1,0,198,304,836,119
25,1,2183,2,1,0,206,298,1016,258
25,1,2183,3,1,0,207,318,844,653
25,1,2183,4,2,2,209,278,917,604
25,1,2183,5,4,5,209,291,1140,810
25,1,2183,6,1,0,208,308,1053,757
25,1,2183,7,1,0,208,310,919,517
25,1,2183,8,3,3,210,301,948,682
25,1,2183,9,2,3,212,296,1434,1004
25,1,2183,10,2,2,211,317,969,984
25,1,2183,11,7,7,213,283,1438,1177
25,1,2183,12,1,0,214,291,936,429
25,1,2183,13,1,0,215,278,795,335
25,1,2183,14,1,0,215,319,1043,480
25,1,2183,15,1,0,216,272,1148,211
25,1,2183,16,5,8,222,288,998,782
25,1,2183,17,1,0,221,290,864,501
25,1,2183,18,2,2,223,293,1149,968
25,1,2183,19,2,2,223,295,1257,609
25,1,2183,20,2,2,224,281,1159,667
25,1,2183,21,1,0,224,301,1014,205
25,1,2183,22,1,0,225,277,1432,877
25,1,2183,23,4,5,228,307,1348,945
25,1,2183,24,2,3,230,280,937,1009
25,1,2183,25,2,2,229,289,986,524
25,1,2183,26,1,0,234,278,883,591
25,1,2183,27,1,0,235,288,933,661
25,1,2183,28,1,0,237,291,986,689
25,1,2183,29,6,9,243,288,911,828
25,1,2183,30,1,0,242,282,807,878
25,1,2183,31,1,0,243,284,823,927
25,2,2743,1,1,0,254,363,2195,597
25,2,2743,2,1,0,266,362,1306,639
25,2,2743,3,5,7,267,366,1748,1188
25,2,2743,4,1,0,266,372,1266,779
25,2,2743,5,1,0,270,351,2230,1414
25,2,2743,6,1,0,271,349,1636,887
25,2,2743,7,1,0,271,367,1549,1035
25,2,2743,8,1,0,271,370,1474,789
25,2,2743,9,1,0,272,340,1577,1872
25,2,2743,10,1,0,273,373,1641,1342
25,2,2743,11,4,6,275,370,1819,1126
25,2,2743,12,2,3,281,364,2027,1580
25,2,2743,13,1,0,281,368,1370,633
25,2,2743,14,1,0,282,354,1309,533
25,2,2743,15,2,2,287,375,1507,1197
25,2,2743,16,1,0,287,370,1329,605
25,2,2743,17,2,2,288,343,1469,804
25,2,2743,18,1,0,293,358,1263,441
25,3,1881,1,2,2,269,181,1288,693
25,3,1881,2,2,3,273,181,1073,633
25,3,1881,3,1,0,272,183,1502,704
25,3,1881,4,1,0,275,177,1268,1069
25,3,1881,5,1,0,275,190,1140,670
25,3,1881,6,4,6,278,191,1300,731
25,3,1881,7,1,0,278,178,1833,606
25,3,1881,8,6,10,281,168,1149,573
25,3,1881,9,5,5,280,185,1237,774
25,3,1881,10,1,0,282,179,2215,880
25,3,1881,11,1,0,283,181,1030,629
25,4,1679,1,1,0,259,281,728,407
25,4,1679,2,3,6,262,287,673,487
25,4,1679,3,2,2,265,293,941,421
25,4,1679,4,1,0,265,285,666,572
25,4,1679,5,1,0,268,286,847,530
25,4,1679,6,3,3,276,294,858,709
25,4,1679,7,1,0,276,301,953,726
25,4,1679,8,1,0,278,307,695,366
25,4,1679,9,1,0,279,291,761,322
25,4,1679,10,1,0,286,288,914,581
25,4,1679,11,2,3,287,292,808,712
25,4,1679,12,1,0,299,293,686,405
25,4,1679,13,1,0,299,297,1756,943
25,4,1679,14,5,5,301,300,955,618
25,4,1679,15,2,2,312,300,803,187
25,5,1584,1,5,5,296,181,1553,809
25,5,1584,2,1,0,297,173,689,256
25,5,1584,3,1,0,304,170,820,409
25,5,1584,4,1,0,305,161,848,188
25,5,1584,5,1,0,305,174,1138,500
25,5,1584,6,4,5,307,163,1037,472
25,5,1584,7,2,2,308,159,747,577
25,5,1584,8,1,0,311,154,864,685
25,5,1584,9,2,2,314,162,906,623
25,5,1584,10,1,0,317,168,863,272
25,5,1584,11,1,0,318,164,826,580
25,6,1637,1,1,0,338,340,691,380
25,6,1637,2,2,3,341,349,747,516
25,6,1637,3,2,2,341,351,653,375
25,6,1637,4,1,0,342,328,834,297
25,6,1637,5,2,2,344,354,713,627
25,6,1637,6,1,0,344,349,646,249
25,6,1637,7,1,0,348,358,667,510
25,6,1637,8,2,3,352,315,688,373
25,6,1637,9,4,5,355,310,980,436
25,6,1637,10,1,0,355,328,627,223
25,6,1637,11,1,0,357,313,671,496
25,6,1637,12,1,0,359,314,724,493
25,6,1637,13,1,0,363,305,889,402
25,6,1637,14,3,3,365,300,774,476
25,6,1637,15,1,0,364,303,648,393
25,6,1637,16,1,0,369,299,648,417
25,6,1637,17,2,2,371,346,715,136
26,1,2182,1,1,0,205,298,902,530
26,1,2182,2,1,0,208,310,909,823
26,1,2182,3,1,0,209,277,1215,470
26,1,2182,4,5,7,210,291,1268,1020
26,1,2182,5,1,0,209,308,815,818
26,1,2182,6,1,0,210,286,812,543
26,1,2182,7,3,6,211,295,965,708
26,1,2182,8,1,0,211,277,856,184
26,1,2182,9,7,7,212,283,1422,954
26,1,2182,10,2,2,212,317,1145,758
26,1,2182,11,1,0,218,264,1048,1117
26,1,2182,12,1,0,219,279,897,711
26,1,2182,13,3,5,221,290,981,522
26,1,2182,14,1,0,220,293,948,869
26,1,2182,15,1,0,221,301,1027,277
26,1,2182,16,3,5,222,287,1205,1085
26,1,2182,17,1,0,222,293,2081,1150
26,1,2182,18,2,2,223,295,1088,579
26,1,2182,19,4,5,224,280,909,555
26,1,2182,20,2,2,225,277,1079,556
26,1,2182,21,2,2,225,289,904,477
26,1,2182,22,5,5,227,307,1339,797
26,1,2182,23,3,3,229,289,1160,494
26,1,2182,24,3,3,230,278,1027,641
26,1,2182,25,1,0,230,280,1017,461
26,1,2182,26,1,0,232,271,923,370
26,1,2182,27,1,0,233,284,803,591
26,1,2182,28,2,3,238,291,882,792
26,1,2182,29,1,0,239,285,863,556
26,1,2182,30,2,2,243,288,1133,1393
26,2,2731,1,3,3,254,352,1308,820
26,2,2731,2,2,2,255,364,1747,977
26,2,2731,3,1,0,265,351,1235,341
26,2,2731,4,4,5,267,366,2419,1353
26,2,2731,5,1,0,266,368,1271,1059
26,2,2731,6,1,0,269,339,1527,965
26,2,2731,7,1,0,270,351,1725,1566
26,2,2731,8,1,0,270,371,1858,1579
26,2,2731,9,1,0,271,349,1886,1116
26,2,2731,10,1,0,271,367,1576,1056
26,2,2731,11,1,0,272,340,1477,1636
26,2,2731,12,1,0,272,370,1342,680
26,2,2731,13,4,6,275,370,1677,984
26,2,2731,14,2,3,281,364,2052,1598
26,2,2731,15,2,3,281,369,1327,388
26,2,2731,16,2,2,287,375,1586,1398
26,2,2731,17,1,0,287,370,1257,993
26,3,1806,1,1,0,268,181,1387,716
26,3,1806,2,3,3,272,181,1107,586
26,3,1806,3,1,0,272,183,1082,917
26,3,1806,4,1,0,275,177,917,688
26,3,1806,5,1,0,276,191,975,822
26,3,1806,6,2,2,278,189,1230,848
26,3,1806,7,1,0,278,176,1055,550
26,3,1806,8,1,0,278,178,1482,639
26,3,1806,9,1,0,279,168,1093,553
26,3,1806,10,4,5,280,184,1209,736
26,3,1806,11,3,5,281,168,1106,593
26,3,1806,12,1,0,282,179,2095,880
26,3,1806,13,1,0,282,190,897,363
26,3,1806,14,1,0,283,181,1268,572
26,3,1806,15,3,4,284,183,1145,638
26,4,1705,1,1,0,260,284,677,603
26,4,1705,2,1,0,264,279,690,287
26,4,1705,3,1,0,265,287,747,239
26,4,1705,4,1,0,265,292,993,609
26,4,1705,5,1,0,268,284,760,595
26,4,1705,6,1,0,269,298,793,665
26,4,1705,7,1,0,276,301,1048,1164
26,4,1705,8,1,0,277,294,906,930
26,4,1705,9,1,0,279,294,677,582
26,4,1705,10,1,0,282,287,1031,650
26,4,1705,11,1,0,282,291,684,407
26,4,1705,12,4,7,288,291,898,549
26,4,1705,13,1,0,294,296,692,521
26,4,1705,14,2,2,300,297,1242,908
26,4,1705,15,4,5,301,300,1067,596
26,4,1705,16,1,0,304,324,697,207
26,4,1705,17,2,2,312,300,773,614
26,4,1705,18,1,0,313,332,699,348
26,4,1705,19,1,0,322,328,678,312
26,5,1633,1,7,7,296,180,1150,807
26,5,1633,2,2,2,304,170,771,312
26,5,1633,3,1,0,305,160,828,472
26,5,1633,4,2,2,305,174,835,369
26,5,1633,5,4,6,307,163,1060,550
26,5,1633,6,1,0,308,159,1037,782
26,5,1633,7,4,5,311,154,903,617
26,6,1651,1,1,0,325,355,681,314
26,6,1651,2,1,0,338,340,737,457
26,6,1651,3,1,0,338,342,862,383
26,6,1651,4,1,0,339,349,653,492
26,6,1651,5,2,2,341,351,770,334
26,6,1651,6,1,0,342,328,869,494
26,6,1651,7,1,0,344,354,666,634
26,6,1651,8,1,0,346,355,676,527
26,6,1651,9,1,0,348,353,643,691
26,6,1651,10,1,0,350,316,861,56
26,6,1651,11,4,5,356,310,827,368
26,6,1651,12,1,0,356,314,668,170
26,6,1651,13,1,0,359,306,660,265
26,6,1651,14,1,0,361,310,665,215
26,6,1651,15,1,0,365,300,1046,1039
26,6,1651,16,1,0,365,304,729,392
26,6,1651,17,1,0,368,325,653,288
26,6,1651,18,3,3,371,345,766,341
26,6,1651,19,1,0,371,329,792,34
26,6,1651,20,1,0,376,299,690,391
26,6,1651,21,1,0,381,297,707,16
27,1,2208,1,1,0,207,287,927,723
27,1,2208,2,1,0,207,310,896,721
27,1,2208,3,3,3,208,277,1053,456
27,1,2208,4,3,3,209,291,1113,993
27,1,2208,5,3,3,209,310,1209,544
27,1,2208,6,1,0,210,301,1683,628
27,1,2208,7,2,3,212,296,1183,1169
27,1,2208,8,2,2,212,317,1523,875
27,1,2208,9,7,11,213,283,1380,990
27,1,2208,10,2,2,217,274,1463,472
27,1,2208,11,1,0,216,291,830,512
27,1,2208,12,1,0,217,287,1255,70
27,1,2208,13,2,3,219,262,1022,873
27,1,2208,14,1,0,219,279,960,751
27,1,2208,15,5,7,221,293,1044,826
27,1,2208,16,1,0,221,266,895,405
27,1,2208,17,5,5,223,287,1091,868
27,1,2208,18,1,0,222,290,1319,684
27,1,2208,19,2,2,224,278,1192,764
27,1,2208,20,2,2,224,280,938,734
27,1,2208,21,1,0,223,295,1265,772
27,1,2208,22,1,0,225,289,1630,801
27,1,2208,23,1,0,227,272,810,483
27,1,2208,24,3,3,227,308,1604,902
27,1,2208,25,2,2,230,278,1023,522
27,1,2208,26,1,0,229,289,1561,652
27,1,2208,27,1,0,230,280,1172,821
27,1,2208,28,1,0,234,276,867,369
27,1,2208,29,1,0,237,290,1336,995
27,1,2208,30,1,0,241,293,978,936
27,1,2208,31,3,3,243,288,1013,943
27,2,2757,1,1,0,254,354,1854,767
27,2,2757,2,1,0,255,352,1277,1004
27,2,2757,3,1,0,255,364,1637,1299
27,2,2757,4,1,0,264,351,1646,474
27,2,2757,5,6,7,267,366,1885,1059
27,2,2757,6,1,0,266,363,1406,1240
27,2,2757,7,2,2,271,349,1560,1110
27,2,2757,8,1,0,270,351,1849,1059
27,2,2757,9,1,0,270,371,1970,2009
27,2,2757,10,1,0,271,367,1785,1078
27,2,2757,11,1,0,272,340,1637,1259
27,2,2757,12,1,0,273,361,1301,979
27,2,2757,13,4,7,276,371,1740,1055
27,2,2757,14,2,3,281,364,2006,1599
27,2,2757,15,2,2,281,368,1353,709
27,2,2757,16,1,0,286,340,1266,334
27,2,2757,17,1,0,286,375,2272,1473
27,3,1818,1,1,0,268,181,1068,1096
27,3,1818,2,3,4,272,182,995,547
27,3,1818,3,1,0,275,177,1074,343
27,3,1818,4,2,2,278,188,1635,600
27,3,1818,5,1,0,278,175,946,435
27,3,1818,6,2,2,278,179,1049,348
27,3,1818,7,3,4,279,167,1080,675
27,3,1818,8,6,6,280,185,1075,489
27,3,1818,9,1,0,280,189,1087,445
27,3,1818,10,2,2,281,168,1376,661
27,3,1818,11,1,0,282,179,1842,797
27,3,1818,12,1,0,283,181,1212,414
27,3,1818,13,1,0,284,183,1268,935
27,4,1728,1,1,0,261,286,885,383
27,4,1728,2,1,0,264,296,688,516
27,4,1728,3,2,2,266,292,866,370
27,4,1728,4,1,0,267,284,696,648
27,4,1728,5,2,2,268,290,766,558
27,4,1728,6,1,0,271,287,761,515
27,4,1728,7,2,2,277,294,982,575
27,4,1728,8,1,0,276,301,776,778
27,4,1728,9,1,0,278,291,720,553
27,4,1728,10,3,4,282,288,915,570
27,4,1728,11,2,2,288,291,1096,642
27,4,1728,12,1,0,291,293,765,773
27,4,1728,13,1,0,294,294,775,522
27,4,1728,14,1,0,299,297,1170,841
27,4,1728,15,3,3,301,300,1029,699
27,4,1728,16,1,0,305,302,721,115
27,4,1728,17,1,0,312,299,987,372
27,4,1728,18,1,0,317,322,767,205
27,4,1728,19,1,0,320,310,792,685
27,5,1623,1,2,3,297,175,762,569
27,5,1623,2,6,6,297,179,1301,635
27,5,1623,3,1,0,300,159,731,409
27,5,1623,4,1,0,300,182,814,289
27,5,1623,5,1,0,305,160,832,512
27,5,1623,6,2,2,305,174,741,549
27,5,1623,7,2,2,307,162,998,555
27,5,1623,8,1,0,309,159,754,1219
27,5,1623,9,2,2,311,155,892,428
27,5,1623,10,2,2,314,162,1073,774
27,5,1623,11,1,0,318,167,857,592
27,6,1667,1,1,0,335,343,732,324
27,6,1667,2,1,0,338,340,888,215
27,6,1667,3,1,0,341,350,1077,829
27,6,1667,4,1,0,342,352,899,216
27,6,1667,5,1,0,343,355,672,600
27,6,1667,6,1,0,345,355,660,323
27,6,1667,7,1,0,346,352,676,234
27,6,1667,8,1,0,347,356,710,370
27,6,1667,9,1,0,352,319,682,297
27,6,1667,10,1,0,353,315,652,252
27,6,1667,11,1,0,354,311,652,369
27,6,1667,12,1,0,356,310,1099,783
27,6,1667,13,3,5,358,313,740,460
27,6,1667,14,1,0,360,330,703,428
27,6,1667,15,2,2,365,300,1111,572
27,6,1667,16,1,0,364,303,762,481
27,6,1667,17,1,0,365,306,727,367
27,6,1667,18,1,0,367,355,707,103
27,6,1667,19,1,0,368,348,711,471
27,6,1667,20,1,0,370,303,687,490
27,6,1667,21,1,0,370,345,657,103
27,6,1667,22,1,0,372,335,724,9
27,6,1667,23,1,0,374,300,653,43
27,6,1667,24,1,0,378,303,710,167
28,1,2211,1,1,0,199,308,913,235
28,1,2211,2,1,0,207,299,808,499
28,1,2211,3,1,0,208,287,967,646
28,1,2211,4,2,2,209,291,1479,1077
28,1,2211,5,2,2,209,310,1044,1078
28,1,2211,6,1,0,208,317,952,588
28,1,2211,7,1,0,211,289,832,558
28,1,2211,8,2,3,212,296,1125,1184
28,1,2211,9,2,2,211,302,1270,623
28,1,2211,10,2,2,212,317,900,810
28,1,2211,11,1,0,212,274,966,451
28,1,2211,12,1,0,212,281,1013,677
28,1,2211,13,5,5,212,284,1598,1127
28,1,2211,14,2,2,214,291,996,557
28,1,2211,15,1,0,215,284,835,366
28,1,2211,16,1,0,216,291,956,1094
28,1,2211,17,1,0,217,273,1522,424
28,1,2211,18,2,2,219,262,897,638
28,1,2211,19,5,8,221,293,1131,825
28,1,2211,20,8,14,221,288,961,900
28,1,2211,21,1,0,222,295,825,401
28,1,2211,22,2,2,224,278,1243,968
28,1,2211,23,1,0,225,289,836,639
28,1,2211,24,1,0,226,280,939,449
28,1,2211,25,1,0,227,306,1218,962
28,1,2211,26,2,2,228,308,1790,1097
28,1,2211,27,1,0,228,280,850,322
28,1,2211,28,2,3,229,289,1042,576
28,1,2211,29,1,0,229,293,888,395
28,1,2211,30,1,0,230,280,1390,1114
28,1,2211,31,1,0,234,276,894,612
28,1,2211,32,1,0,234,290,1012,725
28,1,2211,33,2,2,238,290,959,756
28,1,2211,34,1,0,239,285,810,847
28,1,2211,35,1,0,242,288,1037,1721
28,1,2211,36,1,0,242,291,870,484
28,2,2752,1,2,2,255,364,1381,950
28,2,2752,2,1,0,259,368,1762,1255
28,2,2752,3,1,0,266,362,1290,534
28,2,2752,4,6,8,267,366,1980,1033
28,2,2752,5,1,0,269,340,1241,810
28,2,2752,6,1,0,270,349,1835,937
28,2,2752,7,1,0,270,351,1907,1268
28,2,2752,8,1,0,270,371,1902,1411
28,2,2752,9,2,2,272,367,1777,1029
28,2,2752,10,1,0,272,347,1554,606
28,2,2752,11,1,0,274,361,1838,1568
28,2,2752,12,6,8,275,370,1867,871
28,2,2752,13,1,0,280,363,2296,1715
28,2,2752,14,1,0,280,368,1308,569
28,2,2752,15,1,0,286,374,1443,803
28,2,2752,16,1,0,288,342,1497,1074
28,3,1790,1,1,0,258,188,891,497
28,3,1790,2,1,0,267,181,892,503
28,3,1790,3,1,0,272,181,1289,860
28,3,1790,4,1,0,272,183,1013,584
28,3,1790,5,1,0,275,177,849,272
28,3,1790,6,1,0,276,170,1116,913
28,3,1790,7,2,2,277,188,1175,433
28,3,1790,8,1,0,278,178,1640,603
28,3,1790,9,3,4,279,167,1160,598
28,3,1790,10,6,6,280,185,1240,903
28,3,1790,11,1,0,279,188,964,477
28,3,1790,12,2,2,281,168,1133,722
28,3,1790,13,2,2,282,179,1509,964
28,3,1790,14,1,0,283,181,1000,485
28,3,1790,15,2,3,285,183,1270,408
28,4,1706,1,2,2,259,285,750,406
28,4,1706,2,2,3,263,289,725,471
28,4,1706,3,1,0,265,282,938,469
28,4,1706,4,1,0,265,287,693,380
28,4,1706,5,1,0,265,291,670,449
28,4,1706,6,1,0,266,284,738,506
28,4,1706,7,1,0,268,287,849,374
28,4,1706,8,1,0,268,298,934,671
28,4,1706,9,2,2,277,294,901,924
28,4,1706,10,1,0,276,301,1140,1119
28,4,1706,11,3,3,282,287,877,541
28,4,1706,12,1,0,287,291,1499,659
28,4,1706,13,1,0,294,294,738,228
28,4,1706,14,2,2,300,297,968,569
28,4,1706,15,4,5,301,300,942,585
28,4,1706,16,1,0,312,300,1042,573
28,4,1706,17,1,0,318,334,768,517
28,4,1706,18,1,0,319,308,681,340
28,5,1639,1,1,0,296,163,861,140
28,5,1639,2,5,5,296,179,1139,602
28,5,1639,3,1,0,305,173,841,588
28,5,1639,4,1,0,307,161,843,797
28,5,1639,5,2,2,307,165,781,390
28,5,1639,6,1,0,308,159,1411,1001
28,5,1639,7,4,6,310,154,965,794
28,5,1639,8,1,0,310,161,726,255
28,5,1639,9,3,4,314,161,913,554
28,5,1639,10,1,0,318,167,813,414
28,5,1639,11,1,0,321,163,780,85
28,6,1677,1,1,0,331,353,663,539
28,6,1677,2,1,0,336,347,670,361
28,6,1677,3,1,0,337,339,778,120
28,6,1677,4,4,8,340,348,812,591
28,6,1677,5,1,0,343,351,725,281
28,6,1677,6,1,0,346,353,802,695
28,6,1677,7,1,0,348,353,712,252
28,6,1677,8,1,0,349,344,662,266
28,6,1677,9,4,4,356,311,917,446
28,6,1677,10,1,0,357,337,667,452
28,6,1677,11,3,3,358,314,834,648
28,6,1677,12,2,2,364,304,749,559
28,6,1677,13,1,0,365,300,1054,772
28,6,1677,14,1,0,367,324,807,392
28,6,1677,15,1,0,368,344,744,164
28,6,1677,16,1,0,371,345,1009,488
28,6,1677,17,1,0,372,335,803,52
28,6,1677,18,1,0,372,338,707,54
29,1,2223,1,1,0,202,320,819,444
29,1,2223,2,5,6,208,310,1161,813
29,1,2223,3,2,3,209,287,905,526
29,1,2223,4,3,3,209,290,1084,790
29,1,2223,5,1,0,210,295,949,68
29,1,2223,6,5,7,212,284,1618,1038
29,1,2223,7,1,0,211,289,841,546
29,1,2223,8,1,0,211,302,987,807
29,1,2223,9,2,2,212,317,1233,1037
29,1,2223,10,1,0,212,274,1024,666
29,1,2223,11,1,0,212,296,1139,732
29,1,2223,12,2,2,214,282,1101,603
29,1,2223,13,2,2,216,291,937,827
29,1,2223,14,3,3,217,272,949,484
29,1,2223,15,1,0,217,287,1089,774
29,1,2223,16,1,0,219,263,1087,1510
29,1,2223,17,1,0,220,290,842,884
29,1,2223,18,4,6,222,293,1162,665
29,1,2223,19,3,5,222,287,1113,817
29,1,2223,20,2,2,222,291,1139,695
29,1,2223,21,1,0,223,278,1602,1086
29,1,2223,22,2,2,224,281,1152,584
29,1,2223,23,1,0,223,295,988,69
29,1,2223,24,1,0,224,302,818,212
29,1,2223,25,1,0,227,270,842,240
29,1,2223,26,3,5,228,307,1544,1023
29,1,2223,27,2,2,229,289,1566,884
29,1,2223,28,1,0,230,278,887,975
29,1,2223,29,1,0,230,280,914,904
29,1,2223,30,1,0,237,290,931,862
29,1,2223,31,5,5,240,285,912,756
29,1,2223,32,2,2,243,288,1136,1028
29,2,2697,1,1,0,253,358,1190,829
29,2,2697,2,1,0,257,364,1293,964
29,2,2697,3,1,0,260,369,1549,1484
29,2,2697,4,2,3,266,363,1433,720
29,2,2697,5,5,7,268,366,2052,1207
29,2,2697,6,1,0,270,349,1505,971
29,2,2697,7,1,0,271,367,1928,1170
29,2,2697,8,1,0,271,371,1396,841
29,2,2697,9,2,2,274,361,1383,601
29,2,2697,10,4,6,275,370,1634,1021
29,2,2697,11,1,0,277,354,1203,423
29,2,2697,12,1,0,279,372,1481,668
29,2,2697,13,2,2,280,364,1798,1331
29,2,2697,14,1,0,280,368,1389,833
29,2,2697,15,1,0,286,374,1603,1001
29,2,2697,16,2,2,289,342,1308,706
29,2,2697,17,1,0,292,373,1206,772
29,3,1849,1,1,0,267,181,953,366
29,3,1849,2,4,5,272,182,1136,603
29,3,1849,3,1,0,274,162,1154,373
29,3,1849,4,1,0,275,177,1188,448
29,3,1849,5,1,0,277,188,1695,979
29,3,1849,6,1,0,278,178,2129,599
29,3,1849,7,1,0,279,167,1044,674
29,3,1849,8,7,7,280,185,1331,700
29,3,1849,9,1,0,280,175,927,381
29,3,1849,10,3,3,281,168,1190,776
29,3,1849,11,2,2,282,179,1639,867
29,3,1849,12,1,0,284,179,959,246
29,3,1849,13,1,0,284,182,1286,976
29,4,1684,1,1,0,260,287,691,395
29,4,1684,2,1,0,263,291,866,286
29,4,1684,3,1,0,264,279,773,643
29,4,1684,4,1,0,266,292,805,126
29,4,1684,5,1,0,267,283,666,607
29,4,1684,6,1,0,268,290,709,577
29,4,1684,7,1,0,268,294,646,751
29,4,1684,8,1,0,270,278,673,120
29,4,1684,9,1,0,271,287,710,461
29,4,1684,10,1,0,276,294,884,1006
29,4,1684,11,2,2,276,301,973,627
29,4,1684,12,1,0,279,295,683,841
29,4,1684,13,3,4,282,288,991,572
29,4,1684,14,2,2,288,291,933,767
29,4,1684,15,1,0,294,296,670,173
29,4,1684,16,1,0,299,297,1151,673
29,4,1684,17,4,5,301,300,1082,701
29,4,1684,18,1,0,304,302,705,563
29,4,1684,19,2,2,312,300,681,353
29,5,1555,1,4,5,296,179,1178,525
29,5,1555,2,1,0,296,181,726,585
29,5,1555,3,1,0,300,173,648,358
29,5,1555,4,2,2,305,160,906,243
29,5,1555,5,1,0,305,173,1274,672
29,5,1555,6,2,2,307,162,1027,640
29,5,1555,7,1,0,307,164,657,468
29,5,1555,8,1,0,308,159,969,753
29,5,1555,9,4,4,311,154,1143,793
29,5,1555,10,1,0,312,156,751,784
29,5,1555,11,2,2,314,161,1037,453
29,5,1555,12,1,0,318,167,883,447
29,6,1658,1,1,0,336,340,680,374
29,6,1658,2,1,0,337,334,825,658
29,6,1658,3,1,0,338,339,688,120
29,6,1658,4,1,0,338,342,697,519
29,6,1658,5,2,3,339,350,771,471
29,6,1658,6,1,0,342,357,675,231
29,6,1658,7,1,0,343,344,1043,238
29,6,1658,8,2,3,346,352,798,371
29,6,1658,9,1,0,345,354,691,631
29,6,1658,10,1,0,347,344,645,404
29,6,1658,11,1,0,352,315,736,443
29,6,1658,12,4,5,355,311,956,506
29,6,1658,13,1,0,354,328,665,215
29,6,1658,14,1,0,358,314,736,599
29,6,1658,15,2,2,365,300,1047,818
29,6,1658,16,1,0,365,303,731,722
29,6,1658,17,1,0,368,344,944,314
29,6,1658,18,1,0,371,303,791,233
29,6,1658,19,1,0,371,345,710,348
29,6,1658,20,2,2,372,298,648,504
29,6,1658,21,1,0,380,298,674,347
30,1,2220,1,2,3,207,300,906,564
30,1,2220,2,2,2,209,310,1609,1375
30,1,2220,3,4,4,210,287,928,620
30,1,2220,4,1,0,209,290,1259,1127
30,1,2220,5,2,2,211,301,1089,594
30,1,2220,6,7,14,212,283,1138,704
30,1,2220,7,2,3,212,289,969,743
30,1,2220,8,1,0,211,294,919,754
30,1,2220,9,1,0,211,317,1964,1519
30,1,2220,10,1,0,212,296,1183,903
30,1,2220,11,1,0,213,292,914,540
30,1,2220,12,2,3,215,291,1341,811
30,1,2220,13,1,0,216,270,921,362
30,1,2220,14,1,0,217,273,1308,342
30,1,2220,15,1,0,217,287,1224,744
30,1,2220,16,1,0,218,297,887,621
30,1,2220,17,1,0,219,264,886,1115
30,1,2220,18,1,0,222,263,858,665
30,1,2220,19,3,5,222,287,1242,815
30,1,2220,20,3,4,222,292,1017,953
30,1,2220,21,1,0,222,295,916,513
30,1,2220,22,1,0,223,278,1047,1031
30,1,2220,23,1,0,224,281,1292,951
30,1,2220,24,2,2,224,290,1114,849
30,1,2220,25,1,0,226,267,841,712
30,1,2220,26,1,0,227,306,985,1032
30,1,2220,27,2,2,228,308,1444,972
30,1,2220,28,1,0,228,271,868,477
30,1,2220,29,2,2,229,289,1458,932
30,1,2220,30,1,0,230,278,890,757
30,1,2220,31,1,0,230,280,1297,1007
30,1,2220,32,1,0,231,293,828,221
30,1,2220,33,1,0,232,287,826,472
30,1,2220,34,1,0,235,288,812,887
30,1,2220,35,3,3,237,290,1174,709
30,1,2220,36,4,5,239,284,1104,833
30,1,2220,37,1,0,242,282,1045,1217
30,1,2220,38,1,0,242,288,898,1156
30,2,2635,1,2,2,258,365,1152,731
30,2,2635,2,1,0,259,343,1159,1415
30,2,2635,3,1,0,260,369,1153,1196
30,2,2635,4,6,8,267,366,1909,1174
30,2,2635,5,1,0,266,362,1369,607
30,2,2635,6,1,0,270,349,1215,873
30,2,2635,7,1,0,270,351,1499,1243
30,2,2635,8,1,0,271,367,1678,1265
30,2,2635,9,5,8,275,370,1694,1055
30,2,2635,10,1,0,279,355,1167,344
30,2,2635,11,4,4,281,364,1493,1244
30,2,2635,12,1,0,280,368,1943,722
30,2,2635,13,1,0,282,354,1176,78
30,2,2635,14,1,0,286,374,1470,1164
30,2,2635,15,1,0,289,342,1563,990
30,3,1904,1,1,0,260,195,1214,301
30,3,1904,2,1,0,265,148,1007,865
30,3,1904,3,2,2,268,181,1189,430
30,3,1904,4,2,2,273,181,1034,619
30,3,1904,5,1,0,272,183,1055,689
30,3,1904,6,1,0,274,162,978,776
30,3,1904,7,1,0,275,177,947,543
30,3,1904,8,1,0,277,170,1410,784
30,3,1904,9,1,0,277,188,1306,863
30,3,1904,10,1,0,278,178,1135,656
30,3,1904,11,4,8,280,167,1308,760
30,3,1904,12,5,7,280,185,1386,955
30,3,1904,13,2,2,282,179,1294,744
30,3,1904,14,1,0,283,182,976,293
30,3,1904,15,2,2,284,180,1109,328
30,4,1692,1,1,0,259,287,660,520
30,4,1692,2,1,0,262,291,821,486
30,4,1692,3,1,0,265,292,878,411
30,4,1692,4,2,3,267,286,808,482
30,4,1692,5,1,0,269,289,777,484
30,4,1692,6,1,0,275,283,660,645
30,4,1692,7,1,0,276,294,714,966
30,4,1692,8,1,0,276,301,900,565
30,4,1692,9,1,0,277,297,707,433
30,4,1692,10,2,2,283,288,858,516
30,4,1692,11,1,0,287,286,703,226
30,4,1692,12,2,2,287,292,897,551
30,4,1692,13,7,13,300,298,889,510
30,4,1692,14,1,0,306,319,714,435
30,4,1692,15,1,0,311,332,701,261
30,4,1692,16,1,0,312,299,688,659
30,4,1692,17,1,0,317,331,682,648
30,4,1692,18,1,0,319,332,690,372
30,4,1692,19,2,3,321,328,664,596
30,5,1614,1,1,0,294,157,710,704
30,5,1614,2,2,3,297,176,719,327
30,5,1614,3,1,0,298,179,1765,938
30,5,1614,4,1,0,301,182,702,277
30,5,1614,5,1,0,304,160,878,484
30,5,1614,6,1,0,304,169,896,609
30,5,1614,7,1,0,305,174,787,418
30,5,1614,8,2,3,307,162,1133,515
30,5,1614,9,2,2,307,164,1051,677
30,5,1614,10,2,2,309,159,884,595
30,5,1614,11,4,5,310,153,891,713
30,5,1614,12,2,2,314,161,771,533
30,5,1614,13,1,0,332,171,723,550
30,6,1639,1,1,0,325,355,673,274
30,6,1639,2,1,0,338,340,873,353
30,6,1639,3,1,0,338,342,676,565
30,6,1639,4,1,0,340,346,646,342
30,6,1639,5,3,3,342,355,722,325
30,6,1639,6,1,0,342,350,656,578
30,6,1639,7,1,0,344,347,622,171
30,6,1639,8,1,0,346,354,879,736
30,6,1639,9,2,2,352,315,670,433
30,6,1639,10,1,0,352,343,768,261
30,6,1639,11,3,4,355,310,962,351
30,6,1639,12,1,0,356,330,694,280
30,6,1639,13,1,0,356,357,651,410
30,6,1639,14,1,0,357,313,835,409
30,6,1639,15,1,0,359,314,654,418
30,6,1639,16,2,3,363,304,752,414
30,6,1639,17,3,5,364,300,839,512
30,6,1639,18,1,0,367,324,663,489
30,6,1639,19,1,0,368,344,628,418
30,6,1639,20,1,0,373,304,849,264
31,1,2224,1,1,0,203,323,861,286
31,1,2224,2,1,0,206,287,899,960
31,1,2224,3,6,6,208,311,1350,873
31,1,2224,4,3,3,210,287,1161,951
31,1,2224,5,2,2,209,291,1481,1170
31,1,2224,6,5,7,212,284,1136,772
31,1,2224,7,1,0,211,301,1314,1009
31,1,2224,8,2,2,211,317,1142,1186
31,1,2224,9,1,0,212,293,1070,995
31,1,2224,10,1,0,213,288,818,476
31,1,2224,11,1,0,213,301,943,444
31,1,2224,12,2,2,215,281,983,694
31,1,2224,13,2,3,215,291,1203,802
31,1,2224,14,1,0,215,273,822,187
31,1,2224,15,1,0,217,287,1355,901
31,1,2224,16,1,0,219,264,1235,1397
31,1,2224,17,2,2,219,290,923,553
31,1,2224,18,1,0,220,333,956,162
31,1,2224,19,2,2,222,291,1433,915
31,1,2224,20,3,3,223,278,1367,702
31,1,2224,21,2,2,223,287,1337,864
31,1,2224,22,2,2,223,295,969,578
31,1,2224,23,1,0,224,281,1787,846
31,1,2224,24,2,2,224,290,1196,924
31,1,2224,25,5,5,227,307,1348,900
31,1,2224,26,1,0,228,269,833,338
31,1,2224,27,2,2,229,289,1375,695
31,1,2224,28,1,0,230,270,812,618
31,1,2224,29,1,0,230,277,1287,1233
31,1,2224,30,1,0,231,280,934,514
31,1,2224,31,1,0,232,286,827,536
31,1,2224,32,1,0,236,288,955,819
31,1,2224,33,2,3,238,291,888,887
31,1,2224,34,3,5,240,284,1022,654
31,2,2712,1,1,0,255,354,1247,574
31,2,2712,2,1,0,256,352,1252,760
31,2,2712,3,1,0,259,344,1433,915
31,2,2712,4,1,0,259,365,1453,788
31,2,2712,5,2,3,266,363,1561,1021
31,2,2712,6,1,0,265,371,1403,844
31,2,2712,7,1,0,266,366,1831,1485
31,2,2712,8,1,0,266,368,1553,1257
31,2,2712,9,4,4,269,367,1674,949
31,2,2712,10,1,0,270,349,1498,993
31,2,2712,11,1,0,271,371,1507,707
31,2,2712,12,1,0,273,340,1311,995
31,2,2712,13,1,0,273,361,1777,1285
31,2,2712,14,4,5,276,370,1886,1130
31,2,2712,15,3,3,280,363,1550,1184
31,2,2712,16,1,0,284,341,1219,766
31,2,2712,17,2,3,288,343,1466,951
31,2,2712,18,1,0,287,374,1355,1369
31,3,1932,1,1,0,267,181,1306,581
31,3,1932,2,2,3,273,181,1080,535
31,3,1932,3,1,0,272,183,1090,539
31,3,1932,4,1,0,274,162,1084,436
31,3,1932,5,2,2,275,177,1219,500
31,3,1932,6,1,0,275,191,1034,504
31,3,1932,7,1,0,277,170,998,989
31,3,1932,8,1,0,277,187,2299,980
31,3,1932,9,1,0,278,178,1670,465
31,3,1932,10,1,0,279,166,1037,513
31,3,1932,11,7,10,280,185,1288,541
31,3,1932,12,2,2,282,168,1160,532
31,3,1932,13,2,2,282,179,1241,509
31,3,1932,14,1,0,284,182,1231,419
31,3,1932,15,1,0,285,179,1248,462
31,4,1709,1,1,0,262,290,700,264
31,4,1709,2,1,0,263,280,679,719
31,4,1709,3,1,0,263,294,728,478
31,4,1709,4,1,0,266,292,919,391
31,4,1709,5,2,3,269,284,709,358
31,4,1709,6,1,0,268,288,665,785
31,4,1709,7,1,0,271,301,705,0
31,4,1709,8,1,0,276,291,667,391
31,4,1709,9,1,0,276,294,681,1212
31,4,1709,10,2,2,283,288,1126,734
31,4,1709,11,2,2,287,292,1133,695
31,4,1709,12,1,0,293,311,707,42
31,4,1709,13,1,0,294,294,669,322
31,4,1709,14,5,5,301,300,894,611
31,4,1709,15,2,2,305,302,784,235
31,4,1709,16,3,3,312,300,832,300
31,4,1709,17,1,0,312,333,671,283
31,5,1616,1,1,0,297,175,857,364
31,5,1616,2,1,0,297,179,935,559
31,5,1616,3,1,0,299,160,844,544
31,5,1616,4,1,0,299,179,776,144
31,5,1616,5,1,0,305,174,763,205
31,5,1616,6,4,5,308,161,866,374
31,5,1616,7,1,0,307,164,1088,697
31,5,1616,8,4,6,310,154,975,552
31,5,1616,9,1,0,312,156,703,570
31,5,1616,10,1,0,312,158,917,653
31,5,1616,11,2,3,314,161,801,461
31,5,1616,12,1,0,316,163,814,424
31,5,1616,13,1,0,317,167,842,1092
31,5,1616,14,1,0,321,163,701,338
31,6,1672,1,2,2,336,345,800,391
31,6,1672,2,2,3,338,341,814,544
31,6,1672,3,1,0,340,348,676,448
31,6,1672,4,1,0,343,353,793,340
31,6,1672,5,5,8,345,354,806,447
31,6,1672,6,1,0,348,345,826,232
31,6,1672,7,1,0,349,335,647,0
31,6,1672,8,1,0,349,338,685,283
31,6,1672,9,1,0,349,348,663,410
31,6,1672,10,4,6,356,310,854,579
31,6,1672,11,1,0,357,313,924,544
31,6,1672,12,4,5,365,300,800,569
31,6,1672,13,1,0,365,305,727,547
31,6,1672,14,1,0,370,311,667,55
31,6,1672,15,1,0,370,345,726,282
31,6,1672,16,1,0,375,310,729,190
32,1,2221,1,1,0,198,305,810,283
32,1,2221,2,1,0,204,315,843,244
32,1,2221,3,2,3,206,297,1054,516
32,1,2221,4,1,0,206,287,924,924
32,1,2221,5,1,0,207,302,960,449
32,1,2221,6,1,0,208,287,923,712
32,1,2221,7,4,5,209,310,1235,925
32,1,2221,8,3,4,210,290,1266,767
32,1,2221,9,2,2,210,287,1320,837
32,1,2221,10,3,3,212,283,1052,1086
32,1,2221,11,1,0,211,301,1037,702
32,1,2221,12,2,2,212,316,1254,1205
32,1,2221,13,1,0,212,288,1271,990
32,1,2221,14,1,0,212,293,1214,370
32,1,2221,15,1,0,212,297,863,857
32,1,2221,16,2,3,215,282,1070,536
32,1,2221,17,1,0,214,290,951,622
32,1,2221,18,1,0,215,285,894,292
32,1,2221,19,1,0,215,326,830,0
32,1,2221,20,1,0,216,270,874,507
32,1,2221,21,3,3,217,273,1024,510
32,1,2221,22,1,0,217,287,1166,1052
32,1,2221,23,1,0,219,270,937,507
32,1,2221,24,1,0,220,286,810,0
32,1,2221,25,9,15,223,290,1133,738
32,1,2221,26,2,2,223,278,1670,790
32,1,2221,27,2,3,224,282,1203,815
32,1,2221,28,1,0,223,294,860,628
32,1,2221,29,4,4,228,308,1240,828
32,1,2221,30,2,2,229,289,1097,418
32,1,2221,31,1,0,230,277,1878,715
32,1,2221,32,1,0,231,281,881,301
32,1,2221,33,1,0,236,275,928,388
32,1,2221,34,3,3,238,290,955,729
32,1,2221,35,1,0,239,283,1567,1428
32,1,2221,36,1,0,242,288,844,928
32,2,2815,1,1,0,255,352,1834,833
32,2,2815,2,1,0,255,354,1392,808
32,2,2815,3,1,0,262,342,1523,1522
32,2,2815,4,2,3,266,363,1640,1064
32,2,2815,5,2,2,266,368,1451,972
32,2,2815,6,3,3,268,366,1462,592
32,2,2815,7,1,0,268,368,1639,823
32,2,2815,8,1,0,269,354,1436,1085
32,2,2815,9,2,2,270,352,1402,893
32,2,2815,10,1,0,272,347,1309,598
32,2,2815,11,2,2,274,361,1441,520
32,2,2815,12,3,6,275,370,1918,1220
32,2,2815,13,3,3,280,363,1877,1418
32,2,2815,14,1,0,282,342,1383,1103
32,2,2815,15,1,0,284,341,1761,546
32,2,2815,16,1,0,286,374,1370,898
32,2,2815,17,2,3,288,343,1827,1220
32,3,1860,1,1,0,260,195,952,341
32,3,1860,2,1,0,267,181,998,357
32,3,1860,3,1,0,269,180,986,373
32,3,1860,4,1,0,273,181,1016,631
32,3,1860,5,1,0,275,177,1166,683
32,3,1860,6,1,0,276,187,1029,616
32,3,1860,7,1,0,277,170,1063,345
32,3,1860,8,1,0,278,178,1534,413
32,3,1860,9,1,0,278,187,1590,611
32,3,1860,10,6,10,280,167,1181,506
32,3,1860,11,8,9,280,185,1119,749
32,3,1860,12,2,2,282,179,1243,678
32,3,1860,13,1,0,284,183,1096,517
32,4,1718,1,2,2,260,284,920,427
32,4,1718,2,1,0,262,292,733,449
32,4,1718,3,2,3,263,295,709,368
32,4,1718,4,1,0,265,282,689,527
32,4,1718,5,2,3,266,293,885,348
32,4,1718,6,1,0,271,287,792,155
32,4,1718,7,1,0,278,288,744,342
32,4,1718,8,3,3,282,288,807,556
32,4,1718,9,1,0,287,285,776,380
32,4,1718,10,3,3,287,291,1044,523
32,4,1718,11,6,10,300,298,1028,612
32,4,1718,12,1,0,305,295,960,599
32,4,1718,13,1,0,307,315,698,259
32,4,1718,14,2,2,312,300,734,572
32,5,1590,1,1,0,295,175,675,122
32,5,1590,2,1,0,296,157,754,339
32,5,1590,3,1,0,297,179,988,252
32,5,1590,4,2,2,299,180,761,65
32,5,1590,5,1,0,304,169,676,0
32,5,1590,6,1,0,305,157,731,343
32,5,1590,7,1,0,305,160,709,765
32,5,1590,8,2,2,305,174,859,413
32,5,1590,9,1,0,307,161,930,726
32,5,1590,10,1,0,307,164,934,514
32,5,1590,11,1,0,308,154,778,428
32,5,1590,12,4,5,311,153,953,621
32,5,1590,13,1,0,311,162,890,587
32,5,1590,14,1,0,312,158,1258,829
32,5,1590,15,1,0,314,161,769,558
32,5,1590,16,1,0,330,170,714,759
32,6,1654,1,1,0,334,339,705,241
32,6,1654,2,3,3,337,340,849,333
32,6,1654,3,3,5,339,349,688,476
32,6,1654,4,1,0,340,343,736,158
32,6,1654,5,1,0,342,352,679,371
32,6,1654,6,2,3,346,354,656,702
32,6,1654,7,1,0,349,337,631,18
32,6,1654,8,1,0,352,315,752,415
32,6,1654,9,3,3,355,310,943,469
32,6,1654,10,1,0,358,314,917,567
32,6,1654,11,1,0,362,304,718,600
32,6,1654,12,1,0,363,302,689,309
32,6,1654,13,1,0,365,300,945,693
32,6,1654,14,1,0,367,306,635,486
32,6,1654,15,1,0,368,344,677,330
32,6,1654,16,1,0,370,341,658,187
32,6,1654,17,1,0,370,345,864,263
32,6,1654,18,2,2,374,303,766,382
32,6,1654,19,1,0,378,319,629,223
32,6,1654,20,1,0,381,296,687,346
33,1,2210,1,1,0,200,296,989,208
33,1,2210,2,2,2,207,296,875,689
33,1,2210,3,5,5,208,311,1285,883
33,1,2210,4,3,3,210,287,1157,770
33,1,2210,5,3,3,210,290,1331,1021
33,1,2210,6,3,3,212,283,1225,863
33,1,2210,7,1,0,211,300,2030,1209
33,1,2210,8,2,2,211,316,1065,899
33,1,2210,9,2,2,213,292,986,829
33,1,2210,10,1,0,213,290,978,282
33,1,2210,11,3,3,214,281,1043,597
33,1,2210,12,1,0,215,278,849,553
33,1,2210,13,1,0,215,290,1010,770
33,1,2210,14,1,0,217,287,1082,646
33,1,2210,15,1,0,218,265,924,1151
33,1,2210,16,2,2,220,289,928,297
33,1,2210,17,3,3,223,287,911,866
33,1,2210,18,7,12,223,291,1132,792
33,1,2210,19,2,2,223,295,1089,531
33,1,2210,20,2,3,224,278,1192,678
33,1,2210,21,2,2,224,282,923,816
33,1,2210,22,5,5,227,307,1499,828
33,1,2210,23,2,3,230,278,862,415
33,1,2210,24,2,2,229,289,1213,801
33,1,2210,25,1,0,231,280,1398,1072
33,1,2210,26,1,0,238,291,852,436
33,1,2210,27,1,0,241,286,1257,957
33,1,2210,28,1,0,242,288,902,928
33,1,2210,29,2,2,243,292,904,630
33,1,2210,30,1,0,245,296,828,568
33,2,2714,1,1,0,252,358,1436,1160
33,2,2714,2,1,0,255,354,1686,680
33,2,2714,3,1,0,266,362,1474,712
33,2,2714,4,6,10,267,367,1648,939
33,2,2714,5,1,0,266,373,1250,575
33,2,2714,6,1,0,270,351,1362,1008
33,2,2714,7,1,0,270,368,1615,1016
33,2,2714,8,5,7,275,370,1736,779
33,2,2714,9,4,4,281,364,1545,1024
33,2,2714,10,1,0,280,368,1756,635
33,2,2714,11,2,3,283,342,1279,940
33,2,2714,12,1,0,286,374,1433,1032
33,2,2714,13,3,5,288,342,1753,1302
33,3,1922,1,1,0,268,181,1054,446
33,3,1922,2,2,2,273,181,1156,460
33,3,1922,3,3,3,275,176,1076,596
33,3,1922,4,1,0,277,170,1131,577
33,3,1922,5,2,2,279,178,1110,375
33,3,1922,6,1,0,278,187,1423,690
33,3,1922,7,1,0,279,166,1036,691
33,3,1922,8,5,8,280,184,1391,771
33,3,1922,9,1,0,280,175,1196,469
33,3,1922,10,4,4,282,168,1300,553
33,3,1922,11,4,5,282,179,1271,302
33,3,1922,12,1,0,283,172,1347,360
33,4,1707,1,1,0,263,288,707,484
33,4,1707,2,1,0,265,292,983,591
33,4,1707,3,1,0,268,286,754,491
33,4,1707,4,1,0,269,289,756,654
33,4,1707,5,1,0,271,286,844,500
33,4,1707,6,1,0,275,284,788,537
33,4,1707,7,2,2,277,294,1162,1031
33,4,1707,8,1,0,277,285,744,484
33,4,1707,9,1,0,277,297,669,451
33,4,1707,10,2,2,282,288,882,227
33,4,1707,11,2,2,287,287,683,381
33,4,1707,12,2,2,287,292,953,910
33,4,1707,13,1,0,291,300,689,147
33,4,1707,14,2,3,293,296,729,137
33,4,1707,15,1,0,300,297,839,545
33,4,1707,16,2,2,301,299,1442,862
33,4,1707,17,1,0,305,302,743,269
33,4,1707,18,1,0,312,299,1343,582
33,4,1707,19,1,0,316,330,811,528
33,4,1707,20,1,0,320,331,759,415
33,4,1707,21,1,0,325,328,724,360
33,5,1606,1,1,0,295,176,852,142
33,5,1606,2,2,3,299,180,1036,223
33,5,1606,3,2,2,299,175,790,508
33,5,1606,4,1,0,301,182,1044,598
33,5,1606,5,1,0,305,160,940,506
33,5,1606,6,1,0,305,174,772,227
33,5,1606,7,1,0,307,164,729,757
33,5,1606,8,6,8,309,153,957,761
33,5,1606,9,1,0,308,161,703,568
33,5,1606,10,3,3,312,162,713,366
33,5,1606,11,1,0,312,158,915,366
33,5,1606,12,1,0,321,163,847,141
33,6,1678,1,2,3,337,346,748,424
33,6,1678,2,1,0,337,340,934,256
33,6,1678,3,1,0,340,345,766,764
33,6,1678,4,1,0,341,347,857,564
33,6,1678,5,1,0,342,328,835,348
33,6,1678,6,1,0,344,331,686,117
33,6,1678,7,2,2,345,353,692,382
33,6,1678,8,1,0,353,312,885,581
33,6,1678,9,1,0,353,314,686,308
33,6,1678,10,1,0,354,339,719,379
33,6,1678,11,1,0,355,311,884,565
33,6,1678,12,2,3,358,314,711,342
33,6,1678,13,1,0,359,309,827,191
33,6,1678,14,1,0,359,360,678,141
33,6,1678,15,1,0,363,304,730,587
33,6,1678,16,2,2,364,300,831,274
33,6,1678,17,1,0,368,297,817,363
33,6,1678,18,1,0,368,344,735,398
33,6,1678,19,1,0,369,302,735,668
33,6,1678,20,2,2,370,346,769,288
33,6,1678,21,1,0,372,297,684,556
33,6,1678,22,1,0,374,302,707,529
33,6,1678,23,1,0,378,289,657,294
34,1,2173,1,1,0,198,304,911,168
34,1,2173,2,1,0,200,310,869,51
34,1,2173,3,1,0,204,290,890,0
34,1,2173,4,2,2,207,296,1072,802
34,1,2173,5,1,0,207,287,887,294
34,1,2173,6,4,4,208,311,1782,1179
34,1,2173,7,2,3,210,287,1132,764
34,1,2173,8,6,10,212,289,1097,905
34,1,2173,9,2,2,211,300,1339,1021
34,1,2173,10,1,0,211,316,1483,1307
34,1,2173,11,3,5,212,283,1299,924
34,1,2173,12,1,0,212,297,1273,1020
34,1,2173,13,1,0,213,274,805,474
34,1,2173,14,2,2,213,292,1076,917
34,1,2173,15,2,2,215,279,1086,690
34,1,2173,16,1,0,217,274,1084,807
34,1,2173,17,1,0,218,262,842,480
34,1,2173,18,1,0,219,279,963,772
34,1,2173,19,1,0,220,288,922,611
34,1,2173,20,1,0,222,287,862,529
34,1,2173,21,5,7,223,291,1196,1008
34,1,2173,22,2,2,224,277,1109,731
34,1,2173,23,2,2,224,281,1313,381
34,1,2173,24,1,0,223,295,1016,354
34,1,2173,25,1,0,227,278,1062,314
34,1,2173,26,5,5,227,307,1371,853
34,1,2173,27,2,2,229,289,1635,817
34,1,2173,28,1,0,231,280,869,825
34,1,2173,29,1,0,234,277,795,440
34,1,2173,30,1,0,238,290,1050,1139
34,1,2173,31,1,0,239,284,911,762
34,1,2173,32,2,2,242,286,929,996
34,1,2173,33,1,0,242,282,998,945
34,1,2173,34,1,0,242,288,973,963
34,1,2173,35,1,0,244,287,887,520
34,2,2822,1,1,0,252,354,1414,1135
34,2,2822,2,1,0,252,358,1670,1144
34,2,2822,3,1,0,255,354,2527,791
34,2,2822,4,2,2,260,369,1559,812
34,2,2822,5,1,0,266,362,1653,683
34,2,2822,6,3,4,266,367,1727,1159
34,2,2822,7,1,0,266,372,1369,625
34,2,2822,8,1,0,268,368,2574,913
34,2,2822,9,1,0,270,351,1759,1236
34,2,2822,10,1,0,270,368,2293,1073
34,2,2822,11,4,5,275,370,1901,906
34,2,2822,12,4,4,281,363,1553,983
34,2,2822,13,1,0,280,368,1792,722
34,2,2822,14,1,0,280,372,1370,448
34,2,2822,15,1,0,285,374,1459,989
34,2,2822,16,3,5,288,342,1812,1151
34,2,2822,17,1,0,293,358,1449,402
34,3,1896,1,1,0,272,183,1113,513
34,3,1896,2,1,0,273,178,950,545
34,3,1896,3,1,0,273,181,1008,791
34,3,1896,4,1,0,275,164,1054,537
34,3,1896,5,1,0,275,176,1176,319
34,3,1896,6,1,0,276,187,1026,770
34,3,1896,7,1,0,277,170,1269,789
34,3,1896,8,2,2,279,178,1097,339
34,3,1896,9,1,0,278,187,1222,388
34,3,1896,10,6,7,280,184,1228,742
34,3,1896,11,1,0,280,167,1026,414
34,3,1896,12,4,6,282,180,1231,496
34,3,1896,13,2,2,282,168,1050,562
34,3,1896,14,2,2,282,176,1082,757
34,3,1896,15,1,0,284,172,1072,578
34,4,1704,1,1,0,258,282,697,445
34,4,1704,2,1,0,259,279,771,132
34,4,1704,3,2,2,259,285,861,564
34,4,1704,4,1,0,260,281,782,535
34,4,1704,5,1,0,265,284,740,564
34,4,1704,6,1,0,266,280,916,777
34,4,1704,7,2,3,268,287,812,340
34,4,1704,8,1,0,277,294,907,391
34,4,1704,9,1,0,277,297,844,565
34,4,1704,10,3,3,282,288,829,500
34,4,1704,11,1,0,287,291,1355,791
34,4,1704,12,1,0,299,293,719,177
34,4,1704,13,1,0,299,297,845,298
34,4,1704,14,4,5,301,300,1105,530
34,4,1704,15,1,0,308,299,832,599
34,4,1704,16,2,2,312,300,978,152
34,4,1704,17,1,0,316,330,816,580
34,4,1704,18,1,0,321,329,723,775
34,5,1539,1,2,3,299,175,785,378
34,5,1539,2,2,3,299,180,804,293
34,5,1539,3,2,2,305,169,1054,410
34,5,1539,4,1,0,305,160,1108,204
34,5,1539,5,1,0,305,173,697,583
34,5,1539,6,1,0,307,164,1116,615
34,5,1539,7,5,5,309,152,937,660
34,5,1539,8,1,0,311,158,1045,596
34,5,1539,9,2,2,313,156,778,392
34,5,1539,10,2,2,312,162,741,424
34,5,1539,11,1,0,315,161,713,655
34,5,1539,12,1,0,336,171,675,644
34,6,1670,1,1,0,332,343,825,667
34,6,1670,2,1,0,332,349,648,419
34,6,1670,3,1,0,337,340,998,309
34,6,1670,4,1,0,338,349,744,500
34,6,1670,5,1,0,338,355,664,353
34,6,1670,6,2,3,341,349,676,551
34,6,1670,7,4,7,344,354,726,465
34,6,1670,8,4,4,356,311,887,505
34,6,1670,9,2,3,358,314,828,566
34,6,1670,10,2,2,359,309,733,350
34,6,1670,11,1,0,361,312,667,370
34,6,1670,12,1,0,362,305,689,474
34,6,1670,13,1,0,364,300,676,271
34,6,1670,14,1,0,365,306,645,465
34,6,1670,15,1,0,368,344,757,831
34,6,1670,16,1,0,371,340,741,371
34,6,1670,17,1,0,372,298,872,284
34,6,1670,18,1,0,378,319,691,82
34,6,1670,19,1,0,379,297,657,398
34,6,1670,20,1,0,379,306,645,363
35,1,2225,1,1,0,201,303,821,446
35,1,2225,2,1,0,206,296,959,1079
35,1,2225,3,5,5,208,311,1363,863
35,1,2225,4,1,0,209,274,957,175
35,1,2225,5,3,3,209,286,1043,880
35,1,2225,6,5,9,212,289,1172,894
35,1,2225,7,2,2,211,300,1275,1005
35,1,2225,8,3,3,211,316,1333,1111
35,1,2225,9,1,0,212,271,885,365
35,1,2225,10,3,3,212,284,1068,868
35,1,2225,11,1,0,212,297,933,670
35,1,2225,12,2,2,213,292,1193,721
35,1,2225,13,1,0,214,278,845,571
35,1,2225,14,1,0,217,287,930,705
35,1,2225,15,1,0,219,279,1179,817
35,1,2225,16,2,2,220,288,948,636
35,1,2225,17,1,0,222,287,847,541
35,1,2225,18,5,8,223,291,1049,812
35,1,2225,19,3,3,224,278,1121,861
35,1,2225,20,2,3,224,282,977,497
35,1,2225,21,2,2,224,295,1182,623
35,1,2225,22,1,0,226,266,863,211
35,1,2225,23,1,0,227,280,822,527
35,1,2225,24,4,4,228,307,1404,824
35,1,2225,25,2,2,229,289,1454,926
35,1,2225,26,1,0,229,295,966,365
35,1,2225,27,2,2,230,278,925,1017
35,1,2225,28,1,0,237,281,976,522
35,1,2225,29,2,2,238,290,975,892
35,1,2225,30,2,2,242,288,987,1084
35,1,2225,31,1,0,253,320,864,261
35,2,2788,1,2,2,255,354,1643,660
35,2,2788,2,1,0,258,369,2041,1688
35,2,2788,3,5,7,266,366,1636,981
35,2,2788,4,1,0,268,368,2298,1285
35,2,2788,5,1,0,270,351,1593,1123
35,2,2788,6,1,0,270,368,1805,780
35,2,2788,7,1,0,272,347,1498,472
35,2,2788,8,3,3,276,370,2195,1013
35,2,2788,9,4,4,281,364,1539,990
35,2,2788,10,2,2,281,368,1526,753
35,2,2788,11,2,3,282,343,1450,911
35,2,2788,12,4,5,288,343,1622,1094
35,2,2788,13,1,0,288,370,1421,984
35,3,1835,1,1,0,272,180,993,654
35,3,1835,2,1,0,273,182,887,78
35,3,1835,3,1,0,275,176,1602,691
35,3,1835,4,1,0,276,187,915,499
35,3,1835,5,1,0,277,170,1269,951
35,3,1835,6,1,0,278,178,1149,282
35,3,1835,7,1,0,278,186,1240,370
35,3,1835,8,1,0,279,166,1116,956
35,3,1835,9,6,7,280,184,1187,648
35,3,1835,10,1,0,280,175,921,548
35,3,1835,11,4,6,282,167,1031,718
35,3,1835,12,6,11,282,179,1225,453
35,3,1835,13,1,0,284,172,1175,530
35,4,1709,1,1,0,262,281,845,261
35,4,1709,2,4,7,264,291,785,523
35,4,1709,3,2,2,267,287,683,582
35,4,1709,4,1,0,277,294,1140,1174
35,4,1709,5,1,0,279,293,720,320
35,4,1709,6,3,3,282,288,800,628
35,4,1709,7,1,0,286,287,1020,642
35,4,1709,8,2,2,288,291,861,666
35,4,1709,9,1,0,291,292,707,402
35,4,1709,10,1,0,291,295,881,505
35,4,1709,11,5,9,300,298,1258,580
35,4,1709,12,1,0,306,296,854,519
35,4,1709,13,1,0,312,299,983,353
35,4,1709,14,1,0,314,301,706,380
35,4,1709,15,1,0,315,330,787,247
35,4,1709,16,1,0,319,328,723,462
35,5,1641,1,1,0,297,167,721,217
35,5,1641,2,2,2,298,175,898,600
35,5,1641,3,2,2,299,180,993,399
35,5,1641,4,1,0,304,161,899,549
35,5,1641,5,1,0,304,170,724,213
35,5,1641,6,1,0,305,173,858,407
35,5,1641,7,2,2,307,165,777,235
35,5,1641,8,1,0,308,158,939,304
35,5,1641,9,4,4,310,153,1255,894
35,5,1641,10,1,0,312,156,815,730
35,5,1641,11,1,0,312,161,730,427
35,5,1641,12,1,0,314,161,740,362
35,5,1641,13,1,0,317,163,809,178
35,5,1641,14,1,0,321,163,757,198
35,5,1641,15,1,0,346,182,732,185
35,6,1681,1,1,0,331,346,658,371
35,6,1681,2,1,0,334,351,681,232
35,6,1681,3,2,3,337,340,767,249
35,6,1681,4,1,0,336,344,821,567
35,6,1681,5,5,9,338,349,739,440
35,6,1681,6,1,0,339,347,708,379
35,6,1681,7,1,0,344,351,664,498
35,6,1681,8,1,0,346,353,854,520
35,6,1681,9,1,0,347,356,861,138
35,6,1681,10,4,5,355,310,778,286
35,6,1681,11,1,0,357,313,728,804
35,6,1681,12,1,0,359,309,744,824
35,6,1681,13,2,2,363,305,747,648
35,6,1681,14,2,2,364,301,765,547
35,6,1681,15,1,0,368,344,712,718
35,6,1681,16,2,2,370,347,815,238
35,6,1681,17,1,0,373,307,655,50
36,1,2226,1,1,0,198,305,938,464
36,1,2226,2,2,2,203,288,855,205
36,1,2226,3,4,5,206,296,979,843
36,1,2226,4,4,4,209,312,1229,867
36,1,2226,5,2,2,211,286,1325,494
36,1,2226,6,7,8,212,283,1207,622
36,1,2226,7,2,2,212,289,1169,840
36,1,2226,8,2,2,211,299,1110,829
36,1,2226,9,2,2,211,317,1260,931
36,1,2226,10,1,0,213,287,831,760
36,1,2226,11,1,0,215,287,1293,1273
36,1,2226,12,1,0,217,287,862,818
36,1,2226,13,1,0,219,262,825,505
36,1,2226,14,1,0,219,279,987,845
36,1,2226,15,1,0,220,288,1232,552
36,1,2226,16,1,0,220,293,818,778
36,1,2226,17,9,11,223,291,991,759
36,1,2226,18,3,3,224,282,966,666
36,1,2226,19,1,0,224,277,1343,1020
36,1,2226,20,1,0,224,286,1308,469
36,1,2226,21,1,0,224,295,1218,523
36,1,2226,22,4,4,228,307,1369,906
36,1,2226,23,1,0,228,294,858,398
36,1,2226,24,4,5,229,288,1523,926
36,1,2226,25,2,2,230,278,945,978
36,1,2226,26,1,0,231,280,1173,631
36,1,2226,27,1,0,239,283,1020,609
36,1,2226,28,1,0,239,285,904,401
36,1,2226,29,1,0,241,288,980,600
36,1,2226,30,1,0,242,282,995,822
36,1,2226,31,1,0,244,295,874,569
36,2,2827,1,2,2,255,354,1729,994
36,2,2827,2,1,0,256,369,2289,1165
36,2,2827,3,1,0,264,370,1610,880
36,2,2827,4,1,0,265,363,1410,1072
36,2,2827,5,5,8,267,366,1673,1097
36,2,2827,6,1,0,268,369,1419,1168
36,2,2827,7,1,0,269,351,1492,848
36,2,2827,8,1,0,269,354,1416,891
36,2,2827,9,1,0,272,372,1561,647
36,2,2827,10,1,0,275,344,1382,837
36,2,2827,11,1,0,275,370,1973,1405
36,2,2827,12,1,0,275,374,1531,1360
36,2,2827,13,2,2,277,372,1757,1215
36,2,2827,14,3,3,280,363,1691,1169
36,2,2827,15,2,2,281,368,1492,949
36,2,2827,16,3,3,288,343,1524,1115
36,2,2827,17,1,0,289,370,1362,867
36,3,1886,1,1,0,268,182,1203,331
36,3,1886,2,1,0,273,182,1065,473
36,3,1886,3,2,2,275,177,1176,538
36,3,1886,4,1,0,275,191,1080,658
36,3,1886,5,1,0,276,165,973,314
36,3,1886,6,1,0,277,170,1342,912
36,3,1886,7,1,0,278,178,1020,363
36,3,1886,8,1,0,278,187,1594,748
36,3,1886,9,3,5,280,184,1350,954
36,3,1886,10,1,0,280,175,986,364
36,3,1886,11,1,0,280,186,1193,628
36,3,1886,12,3,4,282,167,1161,448
36,3,1886,13,8,12,282,178,1091,668
36,3,1886,14,1,0,284,172,1043,708
36,4,1699,1,1,0,257,287,769,528
36,4,1699,2,1,0,258,279,667,386
36,4,1699,3,1,0,261,283,753,514
36,4,1699,4,1,0,262,288,697,366
36,4,1699,5,1,0,265,291,680,177
36,4,1699,6,1,0,265,293,736,655
36,4,1699,7,1,0,267,280,740,605
36,4,1699,8,1,0,270,288,729,538
36,4,1699,9,1,0,271,292,667,332
36,4,1699,10,1,0,276,295,718,695
36,4,1699,11,1,0,276,300,706,248
36,4,1699,12,2,2,279,295,720,461
36,4,1699,13,2,2,282,288,736,442
36,4,1699,14,1,0,287,287,689,258
36,4,1699,15,1,0,287,291,988,518
36,4,1699,16,2,3,299,297,777,548
36,4,1699,17,5,6,301,299,1088,336
36,4,1699,18,2,2,312,300,727,423
36,5,1546,1,1,0,296,149,638,118
36,5,1546,2,2,2,298,166,1020,738
36,5,1546,3,1,0,298,174,846,923
36,5,1546,4,1,0,299,155,781,424
36,5,1546,5,1,0,299,179,1056,328
36,5,1546,6,1,0,304,160,655,442
36,5,1546,7,1,0,305,173,1047,466
36,5,1546,8,2,2,307,165,864,494
36,5,1546,9,1,0,308,161,768,326
36,5,1546,10,4,4,310,153,1107,881
36,5,1546,11,1,0,311,162,1297,598
36,5,1546,12,2,2,315,162,792,543
36,5,1546,13,1,0,317,167,773,442
36,5,1546,14,1,0,324,169,640,286
36,5,1546,15,1,0,339,174,706,347
36,6,1661,1,1,0,337,340,776,540
36,6,1661,2,3,6,339,346,778,555
36,6,1661,3,1,0,343,354,791,613
36,6,1661,4,1,0,344,348,704,446
36,6,1661,5,1,0,348,354,784,543
36,6,1661,6,1,0,350,316,1001,294
36,6,1661,7,6,10,355,310,844,372
36,6,1661,8,1,0,353,314,647,97
36,6,1661,9,1,0,358,330,879,621
36,6,1661,10,3,5,362,305,901,275
36,6,1661,11,2,2,364,301,934,559
36,6,1661,12,1,0,367,310,649,65
36,6,1661,13,2,2,368,344,655,265
36,6,1661,14,1,0,370,346,807,309
36,6,1661,15,1,0,372,297,648,441
36,6,1661,16,1,0,373,295,643,310
37,1,2259,1,1,0,198,305,910,578
37,1,2259,2,1,0,204,286,887,114
37,1,2259,3,1,0,206,296,1132,1102
37,1,2259,4,2,2,208,308,1050,771
37,1,2259,5,6,6,208,311,1243,768
37,1,2259,6,1,0,208,300,1040,459
37,1,2259,7,2,2,211,286,1283,628
37,1,2259,8,2,2,211,298,1229,1014
37,1,2259,9,7,10,212,283,1239,652
37,1,2259,10,1,0,211,289,1523,1092
37,1,2259,11,2,2,212,315,1007,641
37,1,2259,12,2,2,213,296,1092,836
37,1,2259,13,1,0,213,290,895,710
37,1,2259,14,1,0,215,287,1155,1150
37,1,2259,15,1,0,216,280,1031,841
37,1,2259,16,1,0,217,287,928,648
37,1,2259,17,1,0,218,297,876,431
37,1,2259,18,1,0,219,264,1672,1722
37,1,2259,19,1,0,219,279,1004,465
37,1,2259,20,6,7,222,292,1110,902
37,1,2259,21,1,0,223,283,861,471
37,1,2259,22,2,3,224,287,952,682
37,1,2259,23,1,0,223,289,916,807
37,1,2259,24,2,2,224,277,1031,641
37,1,2259,25,1,0,226,280,897,1022
37,1,2259,26,3,3,228,306,1617,884
37,1,2259,27,6,8,229,288,1208,979
37,1,2259,28,1,0,228,294,928,702
37,1,2259,29,2,2,230,278,980,749
37,1,2259,30,1,0,231,280,1292,637
37,1,2259,31,1,0,240,293,865,731
37,1,2259,32,1,0,241,288,1076,374
37,1,2259,33,1,0,242,286,942,1283
37,2,2697,1,1,0,254,354,1807,1164
37,2,2697,2,1,0,256,369,1268,1201
37,2,2697,3,1,0,261,371,1194,573
37,2,2697,4,1,0,264,370,1389,555
37,2,2697,5,1,0,266,362,1298,502
37,2,2697,6,3,5,266,366,1867,900
37,2,2697,7,3,4,269,369,1409,552
37,2,2697,8,2,2,270,351,1753,1032
37,2,2697,9,1,0,271,342,1381,1121
37,2,2697,10,1,0,275,370,2262,1121
37,2,2697,11,1,0,277,372,2414,1584
37,2,2697,12,5,7,280,364,1316,922
37,2,2697,13,2,2,281,368,1407,760
37,2,2697,14,1,0,281,343,1370,933
37,2,2697,15,1,0,283,341,1246,597
37,2,2697,16,3,5,287,343,1530,1156
37,3,1912,1,1,0,268,182,1009,501
37,3,1912,2,1,0,272,180,996,642
37,3,1912,3,1,0,272,182,1444,725
37,3,1912,4,1,0,275,176,1358,807
37,3,1912,5,1,0,277,170,1178,1102
37,3,1912,6,4,5,278,177,1084,331
37,3,1912,7,6,12,280,185,1359,796
37,3,1912,8,3,3,281,167,1190,519
37,3,1912,9,6,8,283,178,1086,570
37,3,1912,10,1,0,284,172,1126,546
37,3,1912,11,1,0,286,174,963,872
37,4,1688,1,1,0,258,286,665,427
37,4,1688,2,1,0,262,287,667,465
37,4,1688,3,2,3,265,282,757,538
37,4,1688,4,1,0,264,294,857,374
37,4,1688,5,1,0,265,287,776,298
37,4,1688,6,1,0,266,292,773,743
37,4,1688,7,2,2,277,294,933,914
37,4,1688,8,5,5,282,288,906,432
37,4,1688,9,1,0,287,290,655,389
37,4,1688,10,1,0,290,317,698,317
37,4,1688,11,1,0,296,294,687,155
37,4,1688,12,1,0,296,317,689,513
37,4,1688,13,3,3,299,297,686,514
37,4,1688,14,2,2,301,299,1336,800
37,4,1688,15,1,0,306,296,777,303
37,4,1688,16,1,0,316,329,727,477
37,4,1688,17,1,0,317,307,739,256
37,4,1688,18,1,0,320,330,724,288
37,5,1608,1,2,2,297,166,771,615
37,5,1608,2,1,0,296,180,852,326
37,5,1608,3,2,2,298,174,862,504
37,5,1608,4,2,2,299,179,1084,218
37,5,1608,5,1,0,304,152,719,102
37,5,1608,6,1,0,304,157,895,286
37,5,1608,7,1,0,304,161,780,267
37,5,1608,8,2,2,308,161,818,272
37,5,1608,9,1,0,307,164,704,380
37,5,1608,10,2,2,310,153,1116,755
37,5,1608,11,2,2,311,162,826,420
37,5,1608,12,1,0,312,154,1446,1021
37,5,1608,13,2,2,315,162,944,684
37,5,1608,14,1,0,321,163,720,215
37,6,1682,1,1,0,334,350,666,532
37,6,1682,2,1,0,337,340,684,374
37,6,1682,3,2,2,338,348,976,600
37,6,1682,4,2,3,340,344,715,308
37,6,1682,5,1,0,339,350,799,683
37,6,1682,6,1,0,340,347,724,706
37,6,1682,7,1,0,341,332,693,2
37,6,1682,8,1,0,344,348,824,841
37,6,1682,9,1,0,344,354,674,564
37,6,1682,10,1,0,345,352,663,675
37,6,1682,11,1,0,350,335,735,319
37,6,1682,12,1,0,352,313,809,484
37,6,1682,13,2,2,355,310,1054,477
37,6,1682,14,1,0,357,312,935,492
37,6,1682,15,2,2,358,314,779,378
37,6,1682,16,2,3,362,306,877,509
37,6,1682,17,1,0,361,311,734,420
37,6,1682,18,1,0,364,301,1281,608
37,6,1682,19,2,2,371,298,683,343
37,6,1682,20,1,0,373,290,683,518
37,6,1682,21,1,0,373,303,842,620
37,6,1682,22,1,0,380,303,683,418
38,1,2286,1,3,3,207,306,1324,962
38,1,2286,2,2,2,208,295,1137,646
38,1,2286,3,6,8,208,311,1251,849
38,1,2286,4,1,0,210,286,1023,1033
38,1,2286,5,3,3,210,297,1019,675
38,1,2286,6,4,5,212,283,1486,1044
38,1,2286,7,3,3,212,288,1406,964
38,1,2286,8,1,0,212,315,1388,1546
38,1,2286,9,2,2,213,292,1136,751
38,1,2286,10,1,0,213,296,1189,972
38,1,2286,11,1,0,215,281,980,557
38,1,2286,12,1,0,215,287,1201,570
38,1,2286,13,1,0,216,269,896,597
38,1,2286,14,1,0,216,289,996,635
38,1,2286,15,2,2,218,287,1255,555
38,1,2286,16,1,0,219,264,1429,941
38,1,2286,17,1,0,220,288,980,329
38,1,2286,18,6,7,223,291,1211,899
38,1,2286,19,4,7,225,277,1016,702
38,1,2286,20,2,3,224,283,1082,715
38,1,2286,21,1,0,224,286,1009,687
38,1,2286,22,4,5,228,306,1488,1223
38,1,2286,23,1,0,228,294,932,471
38,1,2286,24,2,2,229,289,1350,899
38,1,2286,25,3,3,230,277,976,596
38,1,2286,26,1,0,231,281,920,606
38,1,2286,27,1,0,231,287,919,550
38,1,2286,28,1,0,236,291,1028,1134
38,1,2286,29,1,0,240,285,920,536
38,1,2286,30,1,0,241,288,1048,908
38,1,2286,31,1,0,244,287,1033,693
38,2,2702,1,2,3,254,355,1744,679
38,2,2702,2,1,0,256,369,1791,1584
38,2,2702,3,1,0,266,356,1258,364
38,2,2702,4,1,0,266,362,1280,539
38,2,2702,5,2,2,266,367,1909,1091
38,2,2702,6,1,0,269,352,1561,1553
38,2,2702,7,2,2,270,367,1443,1077
38,2,2702,8,1,0,269,369,1206,920
38,2,2702,9,1,0,270,349,1246,922
38,2,2702,10,1,0,274,363,1901,788
38,2,2702,11,1,0,275,343,1446,862
38,2,2702,12,2,2,276,370,1388,744
38,2,2702,13,2,2,277,372,2076,1331
38,2,2702,14,2,2,277,354,1232,274
38,2,2702,15,3,3,281,363,1512,1064
38,2,2702,16,2,3,281,369,1245,594
38,2,2702,17,1,0,281,343,1297,925
38,2,2702,18,2,3,288,343,1665,1204
38,3,1856,1,2,2,268,182,1219,328
38,3,1856,2,2,3,273,182,976,426
38,3,1856,3,2,2,275,177,1258,541
38,3,1856,4,1,0,277,170,1430,666
38,3,1856,5,3,3,278,178,1432,436
38,3,1856,6,5,7,280,184,1156,903
38,3,1856,7,4,6,282,167,1100,490
38,3,1856,8,4,5,283,176,1138,769
38,3,1856,9,3,5,283,180,1186,471
38,3,1856,10,1,0,286,174,1105,947
38,4,1701,1,2,3,262,288,806,839
38,4,1701,2,1,0,264,295,793,271
38,4,1701,3,1,0,268,294,703,275
38,4,1701,4,1,0,269,302,719,536
38,4,1701,5,1,0,273,293,722,131
38,4,1701,6,1,0,277,284,726,379
38,4,1701,7,2,2,277,295,748,789
38,4,1701,8,3,3,278,291,752,733
38,4,1701,9,1,0,278,299,757,174
38,4,1701,10,4,5,282,288,922,610
38,4,1701,11,3,3,287,290,804,568
38,4,1701,12,1,0,294,291,682,143
38,4,1701,13,2,2,299,297,951,413
38,4,1701,14,2,2,301,299,1278,843
38,4,1701,15,1,0,312,299,820,271
38,4,1701,16,1,0,318,329,692,242
38,5,1594,1,1,0,297,166,754,487
38,5,1594,2,1,0,298,164,777,501
38,5,1594,3,1,0,298,174,1603,902
38,5,1594,4,3,3,299,179,818,166
38,5,1594,5,1,0,304,157,777,47
38,5,1594,6,1,0,304,160,735,356
38,5,1594,7,1,0,304,169,678,347
38,5,1594,8,1,0,305,173,1411,746
38,5,1594,9,3,3,307,164,959,311
38,5,1594,10,1,0,308,161,766,549
38,5,1594,11,2,2,310,152,1053,812
38,5,1594,12,1,0,311,162,822,624
38,5,1594,13,2,3,313,156,703,671
38,5,1594,14,1,0,321,163,765,201
38,5,1594,15,1,0,344,180,685,287
38,6,1681,1,1,0,337,353,699,284
38,6,1681,2,1,0,338,340,798,404
38,6,1681,3,4,6,339,348,764,662
38,6,1681,4,1,0,339,345,679,640
38,6,1681,5,2,2,339,355,825,471
38,6,1681,6,1,0,341,349,753,837
38,6,1681,7,1,0,344,348,914,312
38,6,1681,8,1,0,344,352,724,649
38,6,1681,9,1,0,351,315,736,558
38,6,1681,10,3,3,355,310,890,391
38,6,1681,11,2,2,358,312,853,445
38,6,1681,12,2,3,362,306,943,324
38,6,1681,13,1,0,361,311,816,598
38,6,1681,14,1,0,364,301,1306,393
38,6,1681,15,1,0,366,354,719,459
38,6,1681,16,1,0,370,346,657,167
38,6,1681,17,1,0,370,348,788,334
38,6,1681,18,2,2,372,298,805,516
39,1,2197,1,1,0,204,296,805,382
39,1,2197,2,1,0,204,300,831,534
39,1,2197,3,1,0,207,294,932,568
39,1,2197,4,1,0,207,302,884,1057
39,1,2197,5,2,2,207,307,1202,1063
39,1,2197,6,4,5,208,311,1597,1110
39,1,2197,7,7,9,212,284,1416,856
39,1,2197,8,1,0,210,293,834,116
39,1,2197,9,1,0,210,297,1929,1087
39,1,2197,10,3,4,211,315,1253,794
39,1,2197,11,1,0,211,299,840,291
39,1,2197,12,1,0,212,288,1390,1410
39,1,2197,13,2,2,213,291,1065,621
39,1,2197,14,1,0,215,287,1206,922
39,1,2197,15,2,2,216,289,1067,607
39,1,2197,16,1,0,217,267,809,260
39,1,2197,17,1,0,219,268,948,423
39,1,2197,18,1,0,219,287,820,504
39,1,2197,19,1,0,220,296,1133,453
39,1,2197,20,6,10,223,291,1237,822
39,1,2197,21,4,6,225,278,916,667
39,1,2197,22,4,5,225,282,1243,699
39,1,2197,23,1,0,224,286,1425,1285
39,1,2197,24,4,4,228,306,1600,928
39,1,2197,25,2,3,230,279,862,708
39,1,2197,26,3,3,229,289,1182,777
39,1,2197,27,1,0,231,280,1382,1093
39,1,2197,28,3,3,232,286,986,710
39,1,2197,29,1,0,236,291,1122,960
39,1,2197,30,1,0,237,288,932,645
39,1,2197,31,1,0,242,282,986,1150
39,2,2840,1,2,3,254,355,1619,707
39,2,2840,2,1,0,256,369,1553,989
39,2,2840,3,1,0,263,370,1653,645
39,2,2840,4,1,0,265,370,1678,1354
39,2,2840,5,1,0,266,362,1574,639
39,2,2840,6,2,2,266,367,2258,994
39,2,2840,7,1,0,269,369,1346,535
39,2,2840,8,1,0,270,367,1531,1600
39,2,2840,9,1,0,272,340,1412,867
39,2,2840,10,1,0,272,373,1563,436
39,2,2840,11,1,0,273,347,1411,1034
39,2,2840,12,1,0,273,368,1361,718
39,2,2840,13,1,0,274,362,1667,996
39,2,2840,14,1,0,275,343,1905,1619
39,2,2840,15,4,7,276,371,1748,870
39,2,2840,16,1,0,278,365,1567,743
39,2,2840,17,3,3,280,363,1531,1503
39,2,2840,18,1,0,280,368,1464,983
39,2,2840,19,1,0,285,374,1382,1055
39,2,2840,20,2,2,288,342,2084,1046
39,3,1803,1,3,3,268,181,962,366
39,3,1803,2,1,0,272,182,1291,534
39,3,1803,3,3,3,275,176,1036,513
39,3,1803,4,1,0,276,187,1372,551
39,3,1803,5,1,0,277,170,1395,1041
39,3,1803,6,2,2,279,178,1409,286
39,3,1803,7,1,0,280,175,1268,309
39,3,1803,8,4,5,280,185,1318,832
39,3,1803,9,2,2,282,168,1004,479
39,3,1803,10,6,12,283,178,1122,476
39,3,1803,11,2,3,287,175,996,749
39,4,1714,1,2,3,261,287,751,633
39,4,1714,2,1,0,263,287,695,264
39,4,1714,3,1,0,263,293,769,533
39,4,1714,4,2,2,268,287,948,480
39,4,1714,5,1,0,270,287,757,556
39,4,1714,6,1,0,274,296,682,365
39,4,1714,7,1,0,277,294,826,868
39,4,1714,8,1,0,278,289,774,527
39,4,1714,9,1,0,278,292,788,589
39,4,1714,10,1,0,282,287,1310,856
39,4,1714,11,1,0,286,291,1035,697
39,4,1714,12,1,0,289,288,691,691
39,4,1714,13,1,0,291,289,701,304
39,4,1714,14,1,0,294,294,691,491
39,4,1714,15,2,2,300,297,844,592
39,4,1714,16,3,3,301,299,1400,744
39,4,1714,17,1,0,305,299,693,327
39,4,1714,18,1,0,310,316,748,162
39,4,1714,19,1,0,312,299,809,222
39,4,1714,20,1,0,317,333,698,485
39,4,1714,21,1,0,321,326,696,393
39,5,1549,1,1,0,295,158,632,411
39,5,1549,2,1,0,295,165,993,641
39,5,1549,3,1,0,296,153,633,366
39,5,1549,4,3,4,297,174,968,590
39,5,1549,5,2,2,299,179,906,190
39,5,1549,6,1,0,300,156,676,283
39,5,1549,7,1,0,304,157,733,284
39,5,1549,8,1,0,304,160,1006,413
39,5,1549,9,2,2,305,169,685,550
39,5,1549,10,1,0,305,173,776,603
39,5,1549,11,2,2,307,164,774,328
39,5,1549,12,1,0,308,161,680,489
39,5,1549,13,1,0,310,152,1228,880
39,5,1549,14,1,0,311,160,644,112
39,5,1549,15,1,0,311,162,1096,543
39,5,1549,16,1,0,315,161,757,443
39,5,1549,17,1,0,331,172,942,144
39,6,1647,1,1,0,333,342,635,470
39,6,1647,2,6,11,339,348,717,438
39,6,1647,3,1,0,340,355,705,284
39,6,1647,4,1,0,342,354,632,423
39,6,1647,5,2,2,344,348,852,300
39,6,1647,6,2,2,345,352,780,543
39,6,1647,7,1,0,348,336,625,606
39,6,1647,8,2,2,356,310,1012,629
39,6,1647,9,1,0,357,312,675,406
39,6,1647,10,2,3,362,306,936,0
39,6,1647,11,1,0,362,349,688,333
39,6,1647,12,2,2,364,301,914,588
39,6,1647,13,1,0,364,306,670,26
39,6,1647,14,1,0,368,302,639,168
39,6,1647,15,1,0,368,344,676,307
39,6,1647,16,1,0,370,340,724,223
39,6,1647,17,1,0,370,347,856,125
39,6,1647,18,1,0,377,293,623,136
40,1,2243,1,1,0,196,305,933,266
40,1,2243,2,1,0,207,295,1111,664
40,1,2243,3,1,0,207,307,929,921
40,1,2243,4,5,7,208,311,1349,880
40,1,2243,5,1,0,208,286,1106,989
40,1,2243,6,8,10,211,284,1395,719
40,1,2243,7,2,2,210,298,1149,774
40,1,2243,8,1,0,212,288,1543,1295
40,1,2243,9,3,3,212,315,1174,930
40,1,2243,10,1,0,214,278,954,951
40,1,2243,11,1,0,216,281,906,325
40,1,2243,12,1,0,216,289,1328,663
40,1,2243,13,1,0,217,287,846,222
40,1,2243,14,1,0,218,300,900,366
40,1,2243,15,1,0,219,287,1137,396
40,1,2243,16,2,2,220,296,874,520
40,1,2243,17,7,10,222,291,1125,791
40,1,2243,18,5,7,225,278,1041,728
40,1,2243,19,1,0,224,286,1782,1033
40,1,2243,20,1,0,225,281,1722,690
40,1,2243,21,1,0,227,297,991,429
40,1,2243,22,3,3,227,306,1678,1153
40,1,2243,23,3,3,229,289,1146,733
40,1,2243,24,5,10,231,279,1097,616
40,1,2243,25,1,0,232,287,862,353
40,1,2243,26,1,0,234,271,849,712
40,1,2243,27,1,0,236,291,978,766
40,1,2243,28,2,2,243,288,867,667
40,1,2243,29,1,0,242,295,1015,134
40,2,2680,1,3,3,253,354,1381,713
40,2,2680,2,1,0,256,369,1446,1935
40,2,2680,3,1,0,260,365,1195,871
40,2,2680,4,1,0,263,371,1313,583
40,2,2680,5,1,0,266,362,1175,545
40,2,2680,6,4,5,266,367,1597,1090
40,2,2680,7,1,0,270,367,1963,1430
40,2,2680,8,1,0,272,373,1307,278
40,2,2680,9,1,0,273,368,1613,1103
40,2,2680,10,1,0,275,343,2028,1604
40,2,2680,11,1,0,275,362,1233,813
40,2,2680,12,4,5,276,372,1491,806
40,2,2680,13,1,0,280,343,1528,1091
40,2,2680,14,4,4,281,364,1535,1214
40,2,2680,15,2,3,281,372,1644,749
40,2,2680,16,2,3,288,343,1550,1474
40,3,1907,1,1,0,268,181,1463,487
40,3,1907,2,1,0,272,182,1034,821
40,3,1907,3,3,4,275,176,1337,571
40,3,1907,4,1,0,275,165,1069,178
40,3,1907,5,1,0,277,170,990,777
40,3,1907,6,2,2,279,178,1276,417
40,3,1907,7,1,0,280,175,971,569
40,3,1907,8,5,7,281,184,1319,698
40,3,1907,9,5,7,282,168,1140,502
40,3,1907,10,2,3,283,180,1198,479
40,3,1907,11,2,2,283,176,1245,625
40,3,1907,12,1,0,284,171,989,834
40,3,1907,13,1,0,287,175,1047,432
40,4,1697,1,1,0,258,283,713,678
40,4,1697,2,1,0,259,281,727,479
40,4,1697,3,1,0,261,292,708,398
40,4,1697,4,1,0,262,289,714,665
40,4,1697,5,1,0,263,287,759,728
40,4,1697,6,1,0,263,291,674,543
40,4,1697,7,1,0,268,288,674,448
40,4,1697,8,1,0,274,284,687,288
40,4,1697,9,2,2,278,294,855,626
40,4,1697,10,2,2,282,288,1116,746
40,4,1697,11,1,0,286,287,902,496
40,4,1697,12,2,2,287,291,914,350
40,4,1697,13,1,0,292,310,691,106
40,4,1697,14,2,2,299,297,799,480
40,4,1697,15,3,3,301,299,1300,751
40,4,1697,16,1,0,312,299,670,326
40,4,1697,17,1,0,313,330,819,373
40,4,1697,18,1,0,318,331,683,641
40,4,1697,19,2,2,319,328,752,536
40,5,1552,1,1,0,294,162,637,244
40,5,1552,2,2,2,296,165,905,642
40,5,1552,3,1,0,296,158,695,260
40,5,1552,4,1,0,298,174,694,710
40,5,1552,5,2,2,299,179,1060,403
40,5,1552,6,1,0,301,156,667,374
40,5,1552,7,1,0,301,173,650,98
40,5,1552,8,1,0,304,158,765,603
40,5,1552,9,1,0,305,173,733,484
40,5,1552,10,1,0,307,165,1082,225
40,5,1552,11,3,3,309,152,882,602
40,5,1552,12,1,0,309,160,653,286
40,5,1552,13,2,3,312,157,773,344
40,5,1552,14,1,0,311,162,914,480
40,5,1552,15,1,0,315,162,880,253
40,5,1552,16,1,0,321,163,730,140
40,6,1679,1,1,0,331,344,694,191
40,6,1679,2,1,0,333,339,651,302
40,6,1679,3,2,3,338,355,670,426
40,6,1679,4,1,0,338,349,859,644
40,6,1679,5,1,0,341,353,816,605
40,6,1679,6,1,0,343,347,816,471
40,6,1679,7,2,2,345,353,885,717
40,6,1679,8,1,0,348,353,752,496
40,6,1679,9,3,5,355,310,990,465
40,6,1679,10,1,0,354,339,724,153
40,6,1679,11,1,0,357,312,895,337
40,6,1679,12,1,0,359,329,766,529
40,6,1679,13,1,0,360,308,776,409
40,6,1679,14,4,6,362,305,823,272
40,6,1679,15,3,3,364,300,978,569
40,6,1679,16,1,0,365,295,650,410
40,6,1679,17,1,0,374,299,780,167
40,6,1679,18,1,0,379,297,694,210
40,6,1679,19,1,0,380,303,666,417
41,1,2215,1,2,2,199,299,1063,1018
41,1,2215,2,1,0,207,294,1264,793
41,1,2215,3,6,7,209,310,1378,968
41,1,2215,4,4,4,211,286,1252,960
41,1,2215,5,1,0,210,297,2093,1526
41,1,2215,6,9,9,212,282,1213,805
41,1,2215,7,2,2,213,288,1359,873
41,1,2215,8,1,0,212,292,865,780
41,1,2215,9,3,3,213,315,1168,1074
41,1,2215,10,1,0,215,285,915,183
41,1,2215,11,1,0,215,287,1248,1051
41,1,2215,12,1,0,216,280,915,555
41,1,2215,13,1,0,216,289,878,670
41,1,2215,14,1,0,218,272,1102,698
41,1,2215,15,1,0,218,297,896,110
41,1,2215,16,3,3,220,287,1073,741
41,1,2215,17,1,0,220,277,809,83
41,1,2215,18,1,0,220,279,910,792
41,1,2215,19,5,8,223,291,1276,898
41,1,2215,20,2,2,224,277,1097,657
41,1,2215,21,1,0,223,288,1142,785
41,1,2215,22,1,0,224,286,1227,965
41,1,2215,23,2,2,225,282,1480,958
41,1,2215,24,1,0,226,298,946,926
41,1,2215,25,4,4,228,306,1742,940
41,1,2215,26,3,3,229,289,1213,574
41,1,2215,27,1,0,231,280,1344,577
41,1,2215,28,2,2,237,291,1133,775
41,1,2215,29,1,0,236,295,823,0
41,1,2215,30,1,0,243,296,836,139
41,2,2621,1,1,0,253,354,1360,855
41,2,2621,2,1,0,255,355,1228,538
41,2,2621,3,1,0,256,369,2364,1439
41,2,2621,4,1,0,260,365,1200,670
41,2,2621,5,1,0,264,369,1606,1058
41,2,2621,6,3,4,266,367,1505,1009
41,2,2621,7,1,0,269,351,1205,1032
41,2,2621,8,2,2,270,367,1972,1359
41,2,2621,9,1,0,271,342,1174,865
41,2,2621,10,1,0,273,347,1341,1224
41,2,2621,11,1,0,273,368,1729,1063
41,2,2621,12,1,0,273,373,1574,261
41,2,2621,13,1,0,275,343,2143,1171
41,2,2621,14,1,0,277,353,1118,512
41,2,2621,15,1,0,277,371,1298,672
41,2,2621,16,3,3,280,364,1704,1062
41,2,2621,17,2,2,281,372,1507,631
41,2,2621,18,3,3,286,343,1611,1041
41,2,2621,19,1,0,293,358,1103,288
41,2,2621,20,1,0,297,344,1115,1203
41,3,1904,1,1,0,268,181,1067,592
41,3,1904,2,1,0,271,178,1005,233
41,3,1904,3,2,2,272,182,1255,599
41,3,1904,4,4,5,275,176,1053,234
41,3,1904,5,1,0,277,170,1050,850
41,3,1904,6,2,2,279,178,1172,450
41,3,1904,7,1,0,280,165,972,422
41,3,1904,8,5,7,280,184,1269,650
41,3,1904,9,3,3,282,167,1274,786
41,3,1904,10,3,3,283,179,1197,397
41,3,1904,11,1,0,283,171,988,857
41,3,1904,12,2,2,283,175,1023,514
41,4,1697,1,1,0,259,281,822,540
41,4,1697,2,2,3,262,287,715,522
41,4,1697,3,1,0,263,281,741,424
41,4,1697,4,1,0,264,297,684,0
41,4,1697,5,1,0,265,293,727,326
41,4,1697,6,1,0,266,284,730,611
41,4,1697,7,1,0,269,290,733,300
41,4,1697,8,1,0,270,293,735,106
41,4,1697,9,1,0,271,296,670,291
41,4,1697,10,1,0,276,308,938,279
41,4,1697,11,1,0,277,293,860,760
41,4,1697,12,1,0,279,292,707,235
41,4,1697,13,2,3,282,288,1205,874
41,4,1697,14,1,0,286,287,915,738
41,4,1697,15,2,2,287,291,832,494
41,4,1697,16,1,0,288,287,809,0
41,4,1697,17,1,0,291,289,820,159
41,4,1697,18,1,0,299,297,1174,641
41,4,1697,19,1,0,300,294,691,556
41,4,1697,20,2,2,301,299,1760,606
41,4,1697,21,1,0,303,301,740,273
41,4,1697,22,1,0,312,299,748,399
41,5,1588,1,2,2,296,180,751,308
41,5,1588,2,1,0,297,157,697,463
41,5,1588,3,1,0,298,174,755,573
41,5,1588,4,3,3,299,179,1018,330
41,5,1588,5,1,0,301,154,718,618
41,5,1588,6,2,3,305,159,805,475
41,5,1588,7,1,0,305,173,1235,188
41,5,1588,8,2,2,308,160,744,525
41,5,1588,9,2,2,310,152,1010,653
41,5,1588,10,1,0,315,162,774,361
41,5,1588,11,1,0,317,160,784,152
41,5,1588,12,3,5,320,162,722,266
41,5,1588,13,1,0,331,172,1042,288
41,6,1664,1,1,0,332,348,861,343
41,6,1664,2,1,0,333,340,640,317
41,6,1664,3,1,0,334,351,653,393
41,6,1664,4,1,0,338,348,647,410
41,6,1664,5,5,5,344,353,795,469
41,6,1664,6,1,0,343,355,645,279
41,6,1664,7,3,5,355,310,755,528
41,6,1664,8,1,0,354,339,757,425
41,6,1664,9,1,0,358,307,741,225
41,6,1664,10,1,0,359,303,638,112
41,6,1664,11,2,2,361,306,708,240
41,6,1664,12,1,0,363,304,924,362
41,6,1664,13,2,2,364,301,924,878
41,6,1664,14,1,0,365,312,679,384
41,6,1664,15,1,0,368,297,711,337
41,6,1664,16,1,0,368,344,839,221
41,6,1664,17,1,0,370,346,802,288
41,6,1664,18,2,3,372,304,674,373
41,6,1664,19,1,0,380,298,739,344
42,1,2290,1,1,0,206,295,890,586
42,1,2290,2,2,2,208,294,1039,654
42,1,2290,3,2,2,210,298,1365,726
42,1,2290,4,7,9,209,309,1398,955
42,1,2290,5,7,10,211,286,1221,1081
42,1,2290,6,5,6,212,282,1604,967
42,1,2290,7,3,3,213,315,1156,926
42,1,2290,8,1,0,213,266,1254,307
42,1,2290,9,1,0,213,291,1046,424
42,1,2290,10,1,0,213,319,969,587
42,1,2290,11,3,5,217,287,1337,640
42,1,2290,12,1,0,216,289,1073,1000
42,1,2290,13,1,0,218,297,1005,882
42,1,2290,14,1,0,220,279,985,869
42,1,2290,15,1,0,220,287,1289,1359
42,1,2290,16,3,4,223,292,1219,776
42,1,2290,17,4,4,225,278,1066,665
42,1,2290,18,3,3,225,282,1346,724
42,1,2290,19,2,2,224,287,1081,669
42,1,2290,20,1,0,224,290,956,781
42,1,2290,21,4,4,228,306,1595,905
42,1,2290,22,1,0,228,269,1033,450
42,1,2290,23,2,2,230,289,1483,1087
42,1,2290,24,2,2,231,280,1140,782
42,1,2290,25,1,0,239,284,921,420
42,1,2290,26,1,0,241,293,1064,316
42,1,2290,27,1,0,242,288,1195,718
42,1,2290,28,1,0,243,296,943,460
42,2,2756,1,1,0,247,352,1298,966
42,2,2756,2,1,0,254,353,2098,1109
42,2,2756,3,1,0,256,355,1553,530
42,2,2756,4,1,0,256,369,1546,1004
42,2,2756,5,1,0,264,369,1610,1546
42,2,2756,6,3,4,266,367,1697,1153
42,2,2756,7,1,0,269,352,1432,1137
42,2,2756,8,2,2,270,367,1606,1154
42,2,2756,9,1,0,273,347,1538,977
42,2,2756,10,3,3,273,368,1645,587
42,2,2756,11,1,0,273,373,1241,932
42,2,2756,12,3,3,275,363,1622,720
42,2,2756,13,1,0,275,343,2158,1367
42,2,2756,14,1,0,277,369,1359,488
42,2,2756,15,1,0,277,372,1955,1589
42,2,2756,16,1,0,278,365,2068,826
42,2,2756,17,1,0,280,363,1731,1695
42,2,2756,18,2,3,281,372,1366,786
42,2,2756,19,2,2,286,343,1723,984
42,2,2756,20,1,0,294,362,1572,464
42,3,1850,1,1,0,268,181,1504,492
42,3,1850,2,1,0,272,182,1115,616
42,3,1850,3,2,2,276,176,1225,508
42,3,1850,4,1,0,276,165,1097,584
42,3,1850,5,1,0,277,170,968,809
42,3,1850,6,1,0,278,178,1764,311
42,3,1850,7,5,7,281,167,1113,545
42,3,1850,8,1,0,280,175,1076,328
42,3,1850,9,5,7,280,183,1257,485
42,3,1850,10,3,4,283,179,983,397
42,3,1850,11,1,0,282,188,1115,333
42,3,1850,12,2,2,284,175,1047,373
42,3,1850,13,1,0,283,177,1128,445
42,3,1850,14,1,0,286,174,914,904
42,4,1713,1,1,0,258,285,768,226
42,4,1713,2,2,3,261,288,753,484
42,4,1713,3,3,3,264,280,714,545
42,4,1713,4,4,6,264,290,735,569
42,4,1713,5,1,0,266,286,731,633
42,4,1713,6,2,2,269,287,697,570
42,4,1713,7,1,0,273,294,740,324
42,4,1713,8,1,0,278,290,812,715
42,4,1713,9,2,2,282,288,1238,783
42,4,1713,10,1,0,286,287,891,835
42,4,1713,11,2,2,287,291,787,481
42,4,1713,12,1,0,290,289,759,283
42,4,1713,13,1,0,290,310,688,298
42,4,1713,14,1,0,299,297,817,446
42,4,1713,15,2,2,301,299,1673,897
42,4,1713,16,1,0,304,323,686,91
42,4,1713,17,1,0,305,302,836,529
42,5,1573,1,1,0,298,174,889,423
42,5,1573,2,4,4,300,179,853,268
42,5,1573,3,1,0,301,169,707,70
42,5,1573,4,2,2,303,181,970,446
42,5,1573,5,2,2,305,159,742,419
42,5,1573,6,1,0,305,173,866,675
42,5,1573,7,2,2,306,165,716,219
42,5,1573,8,2,2,310,152,681,540
42,5,1573,9,1,0,310,156,758,528
42,5,1573,10,1,0,312,157,913,281
42,5,1573,11,3,5,331,171,768,358
42,5,1573,12,1,0,332,190,834,500
42,6,1679,1,1,0,331,345,795,280
42,6,1679,2,1,0,336,347,679,444
42,6,1679,3,1,0,339,349,925,518
42,6,1679,4,3,5,342,349,800,525
42,6,1679,5,1,0,346,331,674,363
42,6,1679,6,1,0,346,353,796,359
42,6,1679,7,3,5,354,310,857,506
42,6,1679,8,1,0,354,323,679,195
42,6,1679,9,1,0,356,356,685,393
42,6,1679,10,1,0,357,334,694,533
42,6,1679,11,1,0,359,302,1028,172
42,6,1679,12,1,0,360,311,740,239
42,6,1679,13,1,0,360,331,676,273
42,6,1679,14,2,3,362,306,762,280
42,6,1679,15,1,0,362,317,658,0
42,6,1679,16,1,0,366,298,1360,795
42,6,1679,17,1,0,368,298,719,68
42,6,1679,18,1,0,371,344,812,435
42,6,1679,19,1,0,372,306,839,450
42,6,1679,20,1,0,373,303,663,416
42,6,1679,21,1,0,375,309,679,355
42,6,1679,22,1,0,381,293,679,0
43,1,2301,1,1,0,207,286,961,893
43,1,2301,2,1,0,208,293,1207,1023
43,1,2301,3,1,0,208,306,1048,1227
43,1,2301,4,5,7,209,309,1806,996
43,1,2301,5,1,0,209,290,915,401
43,1,2301,6,2,3,210,300,1325,789
43,1,2301,7,4,4,211,286,1477,1035
43,1,2301,8,6,8,212,282,1559,854
43,1,2301,9,2,2,213,288,1310,859
43,1,2301,10,2,2,213,315,1087,789
43,1,2301,11,2,3,216,290,1151,704
43,1,2301,12,1,0,216,281,999,181
43,1,2301,13,3,4,217,286,1148,656
43,1,2301,14,3,3,220,287,1007,637
43,1,2301,15,5,5,223,292,1171,932
43,1,2301,16,4,6,224,278,1015,697
43,1,2301,17,3,3,224,286,1183,746
43,1,2301,18,1,0,224,289,983,548
43,1,2301,19,1,0,225,281,1943,1218
43,1,2301,20,2,2,227,297,1277,725
43,1,2301,21,1,0,227,279,932,729
43,1,2301,22,3,3,228,305,1798,1038
43,1,2301,23,1,0,228,272,902,750
43,1,2301,24,2,2,230,289,1050,988
43,1,2301,25,1,0,231,280,941,635
43,1,2301,26,1,0,236,291,912,673
43,1,2301,27,3,5,242,287,1054,529
43,1,2301,28,1,0,241,293,914,240
43,2,2821,1,1,0,254,353,2285,1545
43,2,2821,2,1,0,256,369,1851,1051
43,2,2821,3,1,0,259,365,1308,866
43,2,2821,4,1,0,261,371,2132,1784
43,2,2821,5,6,10,266,367,1689,843
43,2,2821,6,2,2,269,352,1639,546
43,2,2821,7,1,0,271,369,1394,1278
43,2,2821,8,1,0,274,363,1354,694
43,2,2821,9,1,0,274,368,2331,1060
43,2,2821,10,1,0,275,343,1722,1204
43,2,2821,11,1,0,277,372,1498,936
43,2,2821,12,4,4,281,364,1485,1112
43,2,2821,13,1,0,280,368,1684,895
43,2,2821,14,2,2,282,372,1458,679
43,2,2821,15,1,0,286,343,1880,1085
43,2,2821,16,1,0,286,374,2035,1381
43,2,2821,17,1,0,292,373,1306,329
43,2,2821,18,1,0,294,362,1557,1016
43,2,2821,19,1,0,301,368,1739,920
43,3,1895,1,1,0,248,168,1072,612
43,3,1895,2,1,0,268,181,1508,525
43,3,1895,3,4,6,275,176,1189,483
43,3,1895,4,1,0,276,165,1106,406
43,3,1895,5,1,0,277,170,973,586
43,3,1895,6,4,5,279,177,1014,275
43,3,1895,7,6,12,280,183,1133,657
43,3,1895,8,1,0,282,168,1482,760
43,3,1895,9,3,3,283,179,1148,466
43,3,1895,10,2,2,283,175,974,586
43,3,1895,11,3,6,286,174,1102,458
43,4,1683,1,1,0,259,287,684,469
43,4,1683,2,1,0,261,281,739,569
43,4,1683,3,1,0,261,288,659,405
43,4,1683,4,1,0,263,287,676,531
43,4,1683,5,1,0,264,291,746,292
43,4,1683,6,3,4,266,287,805,576
43,4,1683,7,3,4,268,285,765,578
43,4,1683,8,1,0,269,290,653,758
43,4,1683,9,1,0,275,306,851,534
43,4,1683,10,1,0,282,287,1115,1009
43,4,1683,11,1,0,286,287,675,348
43,4,1683,12,2,2,287,291,1093,243
43,4,1683,13,1,0,292,292,689,285
43,4,1683,14,2,2,294,294,699,115
43,4,1683,15,4,7,300,298,1081,641
43,4,1683,16,1,0,303,301,684,20
43,4,1683,17,1,0,308,314,886,161
43,4,1683,18,1,0,323,327,724,742
43,5,1575,1,1,0,295,158,779,168
43,5,1575,2,1,0,296,164,1323,776
43,5,1575,3,1,0,298,153,729,221
43,5,1575,4,2,2,298,175,732,363
43,5,1575,5,3,3,299,178,1171,420
43,5,1575,6,1,0,301,169,755,226
43,5,1575,7,1,0,304,158,653,203
43,5,1575,8,1,0,305,173,919,448
43,5,1575,9,1,0,308,163,686,33
43,5,1575,10,2,2,310,152,775,547
43,5,1575,11,1,0,309,160,682,45
43,5,1575,12,2,2,311,162,673,302
43,5,1575,13,1,0,320,166,706,410
43,5,1575,14,1,0,322,163,687,64
43,5,1575,15,2,2,331,172,843,361
43,6,1673,1,1,0,332,345,942,392
43,6,1673,2,1,0,337,340,889,481
43,6,1673,3,4,5,338,350,801,428
43,6,1673,4,1,0,338,354,656,748
43,6,1673,5,2,2,342,348,672,520
43,6,1673,6,1,0,344,352,679,603
43,6,1673,7,1,0,348,355,673,549
43,6,1673,8,1,0,350,334,664,386
43,6,1673,9,1,0,354,311,811,25
43,6,1673,10,2,2,356,310,832,594
43,6,1673,11,1,0,357,335,682,32
43,6,1673,12,1,0,358,311,659,254
43,6,1673,13,1,0,359,302,909,357
43,6,1673,14,3,6,360,306,697,275
43,6,1673,15,1,0,364,303,1144,494
43,6,1673,16,1,0,367,298,1025,750
43,6,1673,17,1,0,367,352,710,111
43,6,1673,18,1,0,374,299,759,480
43,6,1673,19,1,0,376,300,651,276
43,6,1673,20,1,0,379,298,669,376
43,6,1673,21,1,0,381,297,659,483
44,1,2226,1,1,0,207,286,850,394
44,1,2226,2,3,5,208,306,907,917
44,1,2226,3,1,0,208,293,1469,958
44,1,2226,4,2,3,209,302,1031,875
44,1,2226,5,6,8,209,310,1569,903
44,1,2226,6,6,11,211,287,1423,925
44,1,2226,7,2,2,210,299,1034,771
44,1,2226,8,8,9,213,282,1551,954
44,1,2226,9,2,2,213,315,1163,899
44,1,2226,10,2,2,216,289,1203,766
44,1,2226,11,2,2,218,286,1259,417
44,1,2226,12,1,0,218,296,828,0
44,1,2226,13,1,0,219,280,845,105
44,1,2226,14,1,0,220,287,856,595
44,1,2226,15,1,0,222,277,881,282
44,1,2226,16,2,2,223,292,1374,1195
44,1,2226,17,3,3,224,278,1172,852
44,1,2226,18,3,3,225,281,1370,693
44,1,2226,19,2,3,225,287,1187,603
44,1,2226,20,1,0,224,290,1051,934
44,1,2226,21,1,0,227,297,1809,1614
44,1,2226,22,3,3,228,305,1939,1059
44,1,2226,23,3,3,230,289,1314,557
44,1,2226,24,1,0,229,294,931,547
44,1,2226,25,1,0,230,280,1041,780
44,1,2226,26,1,0,234,286,918,556
44,1,2226,27,2,2,237,288,844,454
44,1,2226,28,1,0,243,296,1163,383
44,2,2898,1,1,0,254,353,2388,1185
44,2,2898,2,1,0,261,370,1646,1039
44,2,2898,3,6,9,266,367,1662,965
44,2,2898,4,1,0,267,349,1774,964
44,2,2898,5,1,0,269,351,1576,1345
44,2,2898,6,1,0,270,368,1586,431
44,2,2898,7,1,0,272,343,2445,1280
44,2,2898,8,1,0,273,347,1553,1003
44,2,2898,9,2,2,275,362,1709,734
44,2,2898,10,3,3,274,368,2137,1290
44,2,2898,11,1,0,277,372,1424,800
44,2,2898,12,4,5,280,363,1606,1312
44,2,2898,13,2,2,281,372,1632,456
44,2,2898,14,1,0,286,343,1387,895
44,2,2898,15,2,2,295,362,1755,1139
44,3,1918,1,1,0,248,168,1113,537
44,3,1918,2,1,0,268,181,2156,841
44,3,1918,3,1,0,271,155,961,448
44,3,1918,4,1,0,273,172,1077,48
44,3,1918,5,3,6,275,177,1131,488
44,3,1918,6,2,2,276,167,1068,346
44,3,1918,7,1,0,276,187,1037,431
44,3,1918,8,1,0,279,177,1167,593
44,3,1918,9,1,0,280,165,1213,783
44,3,1918,10,3,5,281,167,1082,660
44,3,1918,11,1,0,280,174,1130,614
44,3,1918,12,6,8,281,183,1235,559
44,3,1918,13,1,0,283,179,1345,550
44,3,1918,14,1,0,284,171,980,475
44,3,1918,15,2,2,286,174,1110,268
44,4,1699,1,1,0,263,280,670,678
44,4,1699,2,2,2,264,292,789,497
44,4,1699,3,1,0,264,296,684,386
44,4,1699,4,1,0,266,280,864,429
44,4,1699,5,1,0,271,294,681,492
44,4,1699,6,1,0,276,284,711,287
44,4,1699,7,1,0,276,292,706,464
44,4,1699,8,1,0,277,290,845,570
44,4,1699,9,3,4,279,293,703,365
44,4,1699,10,3,3,282,288,1016,816
44,4,1699,11,1,0,282,305,668,383
44,4,1699,12,1,0,286,287,739,425
44,4,1699,13,2,2,287,291,1028,650
44,4,1699,14,1,0,294,293,668,437
44,4,1699,15,1,0,299,322,698,350
44,4,1699,16,3,3,301,299,1435,532
44,4,1699,17,1,0,322,328,711,584
44,4,1699,18,1,0,323,315,694,341
44,5,1552,1,1,0,295,158,647,247
44,5,1552,2,2,2,296,164,931,795
44,5,1552,3,1,0,297,150,673,432
44,5,1552,4,1,0,298,154,668,587
44,5,1552,5,2,2,299,175,820,594
44,5,1552,6,2,2,299,178,1045,690
44,5,1552,7,2,3,302,171,657,354
44,5,1552,8,1,0,304,159,758,160
44,5,1552,9,2,2,305,174,888,382
44,5,1552,10,2,2,307,164,777,297
44,5,1552,11,2,3,310,152,1101,520
44,5,1552,12,1,0,312,156,1080,728
44,5,1552,13,1,0,315,161,795,516
44,5,1552,14,1,0,347,182,639,302
44,6,1643,1,1,0,331,345,650,238
44,6,1643,2,1,0,332,347,768,527
44,6,1643,3,1,0,336,355,764,582
44,6,1643,4,3,3,338,349,863,636
44,6,1643,5,1,0,338,340,1063,144
44,6,1643,6,1,0,344,324,642,386
44,6,1643,7,3,3,345,352,753,619
44,6,1643,8,1,0,346,355,776,482
44,6,1643,9,1,0,349,336,639,347
44,6,1643,10,2,2,356,310,939,470
44,6,1643,11,2,2,358,312,772,408
44,6,1643,12,1,0,359,302,944,216
44,6,1643,13,2,3,362,306,798,455
44,6,1643,14,1,0,364,303,842,450
44,6,1643,15,1,0,367,298,1242,620
44,6,1643,16,1,0,367,352,661,282
44,6,1643,17,2,2,370,342,702,210
44,6,1643,18,1,0,375,305,632,450
44,6,1643,19,1,0,378,304,709,644
45,1,2260,1,1,0,201,301,899,231
45,1,2260,2,1,0,206,323,893,240
45,1,2260,3,1,0,207,286,986,304
45,1,2260,4,7,10,208,310,1655,1173
45,1,2260,5,2,2,209,293,1016,662
45,1,2260,6,1,0,208,302,1257,1100
45,1,2260,7,9,12,211,286,1183,847
45,1,2260,8,3,4,212,282,2019,971
45,1,2260,9,1,0,212,292,1071,706
45,1,2260,10,1,0,213,314,1406,1060
45,1,2260,11,3,5,216,286,923,743
45,1,2260,12,1,0,216,289,1603,854
45,1,2260,13,1,0,218,297,1059,180
45,1,2260,14,2,3,220,280,973,541
45,1,2260,15,2,2,221,287,980,848
45,1,2260,16,6,11,223,291,1143,758
45,1,2260,17,4,5,224,278,1132,883
45,1,2260,18,2,2,224,282,1067,535
45,1,2260,19,1,0,224,287,1001,738
45,1,2260,20,1,0,224,295,884,127
45,1,2260,21,1,0,226,264,857,1092
45,1,2260,22,1,0,226,282,881,574
45,1,2260,23,2,2,227,297,1793,1120
45,1,2260,24,3,4,228,305,1632,1303
45,1,2260,25,1,0,230,280,1088,1182
45,1,2260,26,2,2,230,289,1479,691
45,1,2260,27,1,0,237,292,948,416
45,1,2260,28,1,0,243,286,965,642
45,1,2260,29,1,0,243,296,1082,824
45,2,2832,1,1,0,254,353,2049,1335
45,2,2832,2,1,0,256,369,1561,1146
45,2,2832,3,1,0,260,365,1946,1179
45,2,2832,4,1,0,260,370,1927,1232
45,2,2832,5,1,0,264,369,1816,1192
45,2,2832,6,3,4,266,367,1813,863
45,2,2832,7,2,2,269,366,1709,1383
45,2,2832,8,1,0,269,351,2418,1503
45,2,2832,9,1,0,270,368,1559,561
45,2,2832,10,1,0,272,343,2571,1706
45,2,2832,11,1,0,273,370,1456,1184
45,2,2832,12,1,0,273,373,1530,749
45,2,2832,13,2,2,275,368,2266,1459
45,2,2832,14,1,0,275,362,1901,616
45,2,2832,15,1,0,275,371,1319,501
45,2,2832,16,1,0,277,369,1934,1496
45,2,2832,17,3,3,281,363,1495,1146
45,2,2832,18,1,0,281,372,1977,1133
45,2,2832,19,1,0,286,342,1432,1049
45,2,2832,20,1,0,286,374,1377,1013
45,2,2832,21,2,2,296,362,2178,1113
45,3,1884,1,1,0,248,168,1136,373
45,3,1884,2,1,0,268,181,1678,609
45,3,1884,3,1,0,273,182,1104,540
45,3,1884,4,2,3,275,176,1090,485
45,3,1884,5,2,3,276,168,1233,352
45,3,1884,6,1,0,276,177,1037,636
45,3,1884,7,1,0,276,187,1155,742
45,3,1884,8,1,0,277,171,1012,643
45,3,1884,9,1,0,279,177,1339,270
45,3,1884,10,4,5,281,166,1139,590
45,3,1884,11,2,2,281,182,1249,546
45,3,1884,12,4,5,281,184,1169,429
45,3,1884,13,1,0,283,179,1079,588
45,3,1884,14,1,0,285,182,996,822
45,3,1884,15,1,0,286,174,1524,464
45,3,1884,16,1,0,286,177,1216,614
45,3,1884,17,1,0,286,185,933,251
45,4,1708,1,1,0,257,284,711,557
45,4,1708,2,1,0,260,286,769,580
45,4,1708,3,1,0,261,288,698,657
45,4,1708,4,1,0,263,293,729,504
45,4,1708,5,2,2,265,281,768,557
45,4,1708,6,1,0,265,291,694,298
45,4,1708,7,2,3,268,287,681,583
45,4,1708,8,1,0,267,293,762,485
45,4,1708,9,1,0,273,283,747,459
45,4,1708,10,2,3,279,294,826,427
45,4,1708,11,2,2,282,288,740,684
45,4,1708,12,1,0,287,292,708,317
45,4,1708,13,2,2,292,294,743,402
45,4,1708,14,2,3,300,293,730,256
45,4,1708,15,1,0,299,297,758,672
45,4,1708,16,2,2,301,299,1207,789
45,4,1708,17,1,0,303,321,721,476
45,4,1708,18,1,0,311,299,740,157
45,4,1708,19,1,0,319,329,783,695
45,4,1708,20,1,0,320,327,698,440
45,5,1608,1,1,0,296,163,778,548
45,5,1608,2,2,2,299,178,1647,742
45,5,1608,3,1,0,299,166,725,356
45,5,1608,4,1,0,299,175,892,444
45,5,1608,5,1,0,301,169,1162,686
45,5,1608,6,1,0,304,159,763,173
45,5,1608,7,1,0,305,153,704,557
45,5,1608,8,1,0,305,173,971,542
45,5,1608,9,1,0,310,152,984,493
45,5,1608,10,4,5,311,156,853,593
45,5,1608,11,1,0,311,161,1075,632
45,5,1608,12,2,2,315,161,928,498
45,5,1608,13,1,0,326,197,902,727
45,5,1608,14,2,2,331,172,865,589
45,6,1719,1,1,0,331,349,697,177
45,6,1719,2,1,0,333,340,781,452
45,6,1719,3,1,0,333,343,716,431
45,6,1719,4,1,0,337,340,724,428
45,6,1719,5,2,3,338,350,899,250
45,6,1719,6,1,0,337,354,770,333
45,6,1719,7,1,0,338,346,725,416
45,6,1719,8,1,0,340,338,708,249
45,6,1719,9,1,0,340,350,734,282
45,6,1719,10,1,0,341,348,828,495
45,6,1719,11,2,3,345,354,786,619
45,6,1719,12,1,0,347,355,698,250
45,6,1719,13,1,0,354,311,719,214
45,6,1719,14,2,2,356,310,904,543
45,6,1719,15,1,0,359,302,1203,182
45,6,1719,16,1,0,361,303,745,492
45,6,1719,17,2,2,364,303,894,462
45,6,1719,18,1,0,363,305,863,411
45,6,1719,19,2,2,368,298,1152,418
45,6,1719,20,1,0,372,299,738,386
45,6,1719,21,2,2,374,290,879,723
45,6,1719,22,1,0,378,292,696,266
46,1,2224,1,1,0,198,298,827,109
46,1,2224,2,1,0,204,311,907,371
46,1,2224,3,1,0,208,302,2028,1264
46,1,2224,4,6,8,209,309,1590,1111
46,1,2224,5,2,3,211,285,1174,1070
46,1,2224,6,1,0,210,322,1108,492
46,1,2224,7,6,7,212,282,1553,768
46,1,2224,8,1,0,211,303,924,368
46,1,2224,9,2,3,213,288,1155,1058
46,1,2224,10,1,0,212,292,906,620
46,1,2224,11,3,3,213,314,1196,713
46,1,2224,12,1,0,214,264,864,705
46,1,2224,13,1,0,215,283,1023,1058
46,1,2224,14,1,0,215,286,1323,1158
46,1,2224,15,1,0,216,289,1392,1015
46,1,2224,16,1,0,220,279,1245,864
46,1,2224,17,2,2,221,286,1078,836
46,1,2224,18,2,2,221,296,940,410
46,1,2224,19,6,7,224,277,1117,731
46,1,2224,20,2,2,223,291,1250,866
46,1,2224,21,5,5,225,281,1293,551
46,1,2224,22,2,2,225,286,960,996
46,1,2224,23,1,0,226,298,966,947
46,1,2224,24,4,5,228,305,1402,830
46,1,2224,25,2,2,230,289,1334,1081
46,1,2224,26,1,0,234,288,913,966
46,1,2224,27,1,0,237,281,1012,809
46,1,2224,28,1,0,237,291,1294,833
46,1,2224,29,1,0,239,284,875,457
46,1,2224,30,1,0,240,292,831,397
46,1,2224,31,1,0,242,283,1027,488
46,1,2224,32,1,0,242,289,840,811
46,2,2927,1,1,0,236,364,1454,645
46,2,2927,2,2,2,254,353,1983,893
46,2,2927,3,2,2,261,370,2089,823
46,2,2927,4,8,14,266,367,1750,1087
46,2,2927,5,1,0,267,349,1469,908
46,2,2927,6,1,0,269,351,1709,1598
46,2,2927,7,1,0,272,343,2167,1727
46,2,2927,8,1,0,273,370,2288,897
46,2,2927,9,2,2,275,368,2231,1439
46,2,2927,10,1,0,275,362,1510,852
46,2,2927,11,2,2,277,374,1732,1196
46,2,2927,12,1,0,281,369,1758,667
46,2,2927,13,1,0,281,372,1671,581
46,2,2927,14,1,0,282,364,1577,1390
46,2,2927,15,1,0,286,375,1566,1433
46,2,2927,16,1,0,295,362,2202,940
46,2,2927,17,1,0,301,368,1530,507
46,3,1939,1,2,2,269,181,1357,540
46,3,1939,2,1,0,273,173,1107,362
46,3,1939,3,2,2,273,182,1129,560
46,3,1939,4,2,3,276,169,1141,560
46,3,1939,5,1,0,275,175,1170,565
46,3,1939,6,1,0,276,187,1385,750
46,3,1939,7,1,0,277,171,1000,514
46,3,1939,8,2,2,279,177,1232,372
46,3,1939,9,3,3,280,184,1320,599
46,3,1939,10,1,0,281,165,1092,537
46,3,1939,11,2,2,282,167,1076,824
46,3,1939,12,1,0,281,182,999,359
46,3,1939,13,2,3,283,179,1062,401
46,3,1939,14,3,3,286,174,1175,565
46,3,1939,15,2,2,287,177,1233,389
46,4,1721,1,2,2,261,282,717,636
46,4,1721,2,2,2,263,290,735,525
46,4,1721,3,1,0,265,294,816,638
46,4,1721,4,1,0,266,285,739,718
46,4,1721,5,1,0,270,286,698,500
46,4,1721,6,1,0,275,283,730,536
46,4,1721,7,4,8,278,293,816,578
46,4,1721,8,3,5,282,288,962,595
46,4,1721,9,1,0,282,313,712,152
46,4,1721,10,2,3,287,292,767,627
46,4,1721,11,1,0,289,292,901,189
46,4,1721,12,6,8,300,298,990,529
46,4,1721,13,1,0,304,301,803,192
46,4,1721,14,1,0,308,317,699,275
46,5,1558,1,1,0,296,164,707,382
46,5,1558,2,2,2,299,176,837,278
46,5,1558,3,2,2,299,178,1259,814
46,5,1558,4,1,0,299,164,670,350
46,5,1558,5,1,0,299,174,757,40
46,5,1558,6,1,0,301,169,885,560
46,5,1558,7,1,0,305,173,1659,512
46,5,1558,8,1,0,308,160,980,594
46,5,1558,9,2,3,310,152,888,431
46,5,1558,10,1,0,309,163,1230,9
46,5,1558,11,1,0,310,155,640,116
46,5,1558,12,1,0,311,161,739,528
46,5,1558,13,1,0,312,156,1249,621
46,5,1558,14,1,0,315,161,974,533
46,5,1558,15,1,0,327,197,1136,974
46,5,1558,16,2,2,331,171,1047,808
46,5,1558,17,1,0,336,172,872,629
46,6,1649,1,1,0,335,336,634,393
46,6,1649,2,1,0,336,355,815,424
46,6,1649,3,1,0,337,342,632,382
46,6,1649,4,2,3,338,350,767,521
46,6,1649,5,1,0,338,340,780,277
46,6,1649,6,1,0,340,338,637,0
46,6,1649,7,2,3,342,348,674,702
46,6,1649,8,1,0,344,351,648,634
46,6,1649,9,1,0,345,332,657,383
46,6,1649,10,1,0,346,352,687,680
46,6,1649,11,1,0,349,335,694,398
46,6,1649,12,1,0,350,344,645,364
46,6,1649,13,1,0,354,309,661,239
46,6,1649,14,1,0,355,333,674,460
46,6,1649,15,1,0,356,309,1239,589
46,6,1649,16,1,0,357,306,645,681
46,6,1649,17,1,0,359,302,837,257
46,6,1649,18,1,0,362,305,659,379
46,6,1649,19,1,0,367,298,1003,475
46,6,1649,20,1,0,368,346,747,670
46,6,1649,21,1,0,370,329,671,456
46,6,1649,22,1,0,371,339,709,699
46,6,1649,23,1,0,373,321,670,316
46,6,1649,24,1,0,373,340,720,198
46,6,1649,25,1,0,375,295,681,338
47,1,2307,1,1,0,208,294,957,549
47,1,2307,2,3,3,208,303,972,753
47,1,2307,3,7,9,209,310,1752,1073
47,1,2307,4,3,3,210,285,1474,1159
47,1,2307,5,1,0,210,296,1155,1171
47,1,2307,6,8,10,213,281,1583,1073
47,1,2307,7,2,2,213,287,972,919
47,1,2307,8,1,0,213,314,1274,1805
47,1,2307,9,2,3,216,286,960,774
47,1,2307,10,2,3,216,290,1104,418
47,1,2307,11,1,0,215,301,1005,639
47,1,2307,12,1,0,219,296,1055,291
47,1,2307,13,1,0,220,279,1136,1135
47,1,2307,14,2,2,221,286,1572,658
47,1,2307,15,1,0,222,277,1083,63
47,1,2307,16,3,6,223,290,952,628
47,1,2307,17,2,2,223,292,1272,802
47,1,2307,18,7,11,224,279,1339,858
47,1,2307,19,2,2,225,286,1152,761
47,1,2307,20,1,0,226,298,1388,797
47,1,2307,21,3,4,228,305,1643,830
47,1,2307,22,2,2,230,288,1644,1321
47,1,2307,23,1,0,230,271,947,416
47,1,2307,24,1,0,236,287,975,659
47,1,2307,25,3,3,237,291,1127,776
47,1,2307,26,1,0,242,289,962,1192
47,1,2307,27,1,0,243,297,992,551
47,2,2954,1,1,0,237,364,1574,640
47,2,2954,2,1,0,254,353,1555,718
47,2,2954,3,1,0,261,369,2075,642
47,2,2954,4,1,0,262,364,2288,978
47,2,2954,5,3,4,266,367,1972,1144
47,2,2954,6,1,0,268,366,1968,1013
47,2,2954,7,1,0,269,351,1618,1280
47,2,2954,8,1,0,271,354,1468,282
47,2,2954,9,1,0,272,343,2585,1573
47,2,2954,10,1,0,272,347,1518,723
47,2,2954,11,2,2,274,370,1933,1061
47,2,2954,12,2,2,275,362,1575,646
47,2,2954,13,3,4,276,368,2239,1469
47,2,2954,14,1,0,276,370,1568,611
47,2,2954,15,1,0,277,374,1498,1535
47,2,2954,16,1,0,279,363,1596,1361
47,2,2954,17,1,0,282,364,1485,968
47,2,2954,18,1,0,282,372,1641,631
47,2,2954,19,1,0,283,343,2059,1050
47,2,2954,20,1,0,286,375,1919,1117
47,2,2954,21,1,0,295,362,2375,827
47,2,2954,22,1,0,301,368,1473,793
47,3,1843,1,1,0,248,169,1284,692
47,3,1843,2,2,2,269,181,1147,570
47,3,1843,3,1,0,269,198,1300,686
47,3,1843,4,1,0,271,179,1022,167
47,3,1843,5,1,0,273,176,1021,274
47,3,1843,6,1,0,273,182,969,596
47,3,1843,7,1,0,274,178,999,244
47,3,1843,8,1,0,275,175,1198,436
47,3,1843,9,1,0,276,187,1251,441
47,3,1843,10,2,2,279,177,1222,276
47,3,1843,11,6,11,281,184,1172,551
47,3,1843,12,3,4,281,166,1089,566
47,3,1843,13,1,0,282,189,901,576
47,3,1843,14,1,0,283,174,1056,657
47,3,1843,15,2,2,284,180,934,170
47,3,1843,16,1,0,286,177,1200,187
47,4,1735,1,1,0,258,281,748,209
47,4,1735,2,1,0,261,276,715,351
47,4,1735,3,1,0,262,280,721,282
47,4,1735,4,1,0,269,296,711,373
47,4,1735,5,2,2,273,283,772,184
47,4,1735,6,1,0,276,284,781,735
47,4,1735,7,3,5,278,293,843,480
47,4,1735,8,1,0,278,291,757,78
47,4,1735,9,3,3,282,288,997,582
47,4,1735,10,1,0,286,287,875,574
47,4,1735,11,2,3,287,292,842,404
47,4,1735,12,2,2,290,292,782,192
47,4,1735,13,1,0,293,294,909,249
47,4,1735,14,6,7,300,298,942,514
47,4,1735,15,1,0,300,294,763,246
47,5,1664,1,3,3,299,178,1241,654
47,5,1664,2,1,0,299,175,920,188
47,5,1664,3,1,0,301,169,784,460
47,5,1664,4,1,0,304,159,861,458
47,5,1664,5,1,0,305,173,1419,657
47,5,1664,6,1,0,307,163,747,286
47,5,1664,7,1,0,307,198,756,143
47,5,1664,8,2,2,310,152,796,695
47,5,1664,9,2,3,311,156,930,505
47,5,1664,10,1,0,310,159,858,626
47,5,1664,11,1,0,311,161,793,339
47,5,1664,12,1,0,315,161,1022,797
47,5,1664,13,1,0,327,197,1078,705
47,5,1664,14,3,3,330,171,1010,470
47,5,1664,15,1,0,338,174,773,272
47,6,1718,1,1,0,333,350,704,97
47,6,1718,2,1,0,337,355,747,430
47,6,1718,3,1,0,338,340,943,31
47,6,1718,4,1,0,339,349,1013,600
47,6,1718,5,1,0,341,349,697,544
47,6,1718,6,2,3,343,346,853,632
47,6,1718,7,1,0,342,353,727,599
47,6,1718,8,1,0,344,348,780,649
47,6,1718,9,2,2,352,314,779,438
47,6,1718,10,1,0,353,311,734,245
47,6,1718,11,3,3,355,309,1083,438
47,6,1718,12,1,0,357,312,801,370
47,6,1718,13,1,0,359,302,1230,300
47,6,1718,14,1,0,359,329,697,470
47,6,1718,15,2,2,364,303,800,702
47,6,1718,16,1,0,366,331,702,131
47,6,1718,17,1,0,367,298,1993,341
47,6,1718,18,1,0,368,339,885,726
47,6,1718,19,1,0,368,349,761,472
47,6,1718,20,1,0,369,303,713,316
47,6,1718,21,1,0,371,303,731,439
47,6,1718,22,1,0,371,341,699,112
47,6,1718,23,1,0,373,290,779,608
48,1,2247,1,5,5,208,310,1316,1039
48,1,2247,2,1,0,208,302,861,517
48,1,2247,3,3,5,210,307,1428,874
48,1,2247,4,1,0,209,312,1048,393
48,1,2247,5,3,3,210,285,1440,1027
48,1,2247,6,1,0,211,278,1435,813
48,1,2247,7,8,9,214,282,1064,813
48,1,2247,8,2,2,213,314,1057,760
48,1,2247,9,1,0,213,287,1272,936
48,1,2247,10,1,0,215,289,967,688
48,1,2247,11,2,2,215,302,981,806
48,1,2247,12,1,0,218,286,1513,1056
48,1,2247,13,1,0,220,279,937,504
48,1,2247,14,2,2,221,285,1188,789
48,1,2247,15,8,13,223,291,1081,782
48,1,2247,16,1,0,221,333,1119,289
48,1,2247,17,1,0,222,276,1062,301
48,1,2247,18,8,10,224,280,1379,981
48,1,2247,19,2,3,225,287,1260,786
48,1,2247,20,2,2,226,298,1393,962
48,1,2247,21,3,4,228,305,1454,1037
48,1,2247,22,1,0,228,280,996,455
48,1,2247,23,2,2,230,288,1843,1197
48,1,2247,24,1,0,232,284,1019,577
48,1,2247,25,1,0,234,288,1025,726
48,1,2247,26,1,0,237,291,990,1115
48,1,2247,27,1,0,238,289,897,712
48,1,2247,28,1,0,244,297,885,746
48,2,2855,1,1,0,254,353,2567,1004
48,2,2855,2,1,0,256,369,1367,603
48,2,2855,3,1,0,261,370,1372,707
48,2,2855,4,1,0,263,364,2013,1220
48,2,2855,5,7,12,267,367,1629,1050
48,2,2855,6,1,0,269,351,1360,945
48,2,2855,7,1,0,270,368,1429,673
48,2,2855,8,2,2,272,343,1600,1026
48,2,2855,9,1,0,272,347,1381,636
48,2,2855,10,1,0,274,362,1357,632
48,2,2855,11,3,4,275,368,1880,1420
48,2,2855,12,1,0,276,342,1718,398
48,2,2855,13,1,0,276,370,1347,376
48,2,2855,14,1,0,277,374,2044,1119
48,2,2855,15,1,0,279,363,1404,896
48,2,2855,16,1,0,283,343,1449,711
48,2,2855,17,1,0,286,346,1516,604
48,2,2855,18,1,0,295,362,2145,689
48,2,2855,19,1,0,301,368,1667,905
48,3,1885,1,1,0,269,181,1093,351
48,3,1885,2,2,2,273,182,1053,362
48,3,1885,3,1,0,274,178,1018,521
48,3,1885,4,3,6,276,176,1061,520
48,3,1885,5,1,0,277,171,1155,552
48,3,1885,6,2,2,279,177,1223,487
48,3,1885,7,7,9,280,183,1074,598
48,3,1885,8,4,6,282,166,1062,466
48,3,1885,9,2,2,282,180,1082,583
48,3,1885,10,3,3,286,173,1181,642
48,4,1711,1,1,0,258,284,700,651
48,4,1711,2,1,0,259,278,704,464
48,4,1711,3,1,0,259,287,1052,611
48,4,1711,4,1,0,263,290,720,515
48,4,1711,5,2,3,268,287,704,672
48,4,1711,6,1,0,272,302,758,126
48,4,1711,7,3,5,274,284,762,412
48,4,1711,8,1,0,278,296,713,254
48,4,1711,9,1,0,279,293,892,769
48,4,1711,10,4,5,283,289,919,483
48,4,1711,11,3,5,287,291,950,628
48,4,1711,12,1,0,288,287,927,310
48,4,1711,13,1,0,299,295,735,487
48,4,1711,14,4,6,300,298,1267,537
48,4,1711,15,1,0,306,330,691,178
48,4,1711,16,1,0,319,327,685,604
48,5,1627,1,1,0,295,179,719,409
48,5,1627,2,6,8,299,177,1084,579
48,5,1627,3,1,0,304,159,885,398
48,5,1627,4,1,0,305,148,766,352
48,5,1627,5,1,0,305,173,959,697
48,5,1627,6,1,0,307,164,972,212
48,5,1627,7,2,2,309,160,1173,548
48,5,1627,8,2,2,310,156,1069,433
48,5,1627,9,1,0,311,161,963,646
48,5,1627,10,1,0,315,161,1258,605
48,5,1627,11,1,0,327,197,805,751
48,5,1627,12,1,0,331,171,997,825
48,5,1627,13,2,2,339,175,1062,536
48,6,1666,1,1,0,334,341,744,276
48,6,1666,2,1,0,338,340,905,308
48,6,1666,3,1,0,338,349,724,649
48,6,1666,4,1,0,339,342,661,384
48,6,1666,5,1,0,341,346,1264,819
48,6,1666,6,2,2,342,349,882,727
48,6,1666,7,1,0,341,355,851,245
48,6,1666,8,2,3,345,354,758,619
48,6,1666,9,1,0,347,353,749,256
48,6,1666,10,1,0,352,313,736,230
48,6,1666,11,1,0,354,335,655,482
48,6,1666,12,4,5,356,309,829,536
48,6,1666,13,1,0,359,302,983,101
48,6,1666,14,1,0,359,307,647,625
48,6,1666,15,1,0,361,306,666,690
48,6,1666,16,1,0,362,304,780,415
48,6,1666,17,1,0,364,302,772,596
48,6,1666,18,1,0,366,303,676,518
48,6,1666,19,1,0,367,298,885,615
48,6,1666,20,1,0,368,340,789,375
48,6,1666,21,1,0,370,345,980,312
48,6,1666,22,1,0,371,338,665,269
49,1,2207,1,1,0,206,307,822,460
49,1,2207,2,1,0,206,310,822,395
49,1,2207,3,1,0,208,309,858,674
49,1,2207,4,2,2,208,312,1439,911
49,1,2207,5,3,3,211,275,1318,814
49,1,2207,6,4,6,212,308,1287,944
49,1,2207,7,2,3,212,285,1523,1102
49,1,2207,8,9,12,214,282,1080,709
49,1,2207,9,1,0,212,292,849,489
49,1,2207,10,2,2,214,287,1063,747
49,1,2207,11,1,0,213,290,1095,827
49,1,2207,12,1,0,215,289,1036,855
49,1,2207,13,4,5,217,286,938,624
49,1,2207,14,2,2,220,285,1391,643
49,1,2207,15,2,2,221,296,1105,645
49,1,2207,16,2,2,222,276,1352,540
49,1,2207,17,5,8,223,292,1117,809
49,1,2207,18,6,7,224,281,1602,901
49,1,2207,19,2,3,225,290,972,714
49,1,2207,20,2,2,226,298,1165,947
49,1,2207,21,1,0,227,273,859,348
49,1,2207,22,3,4,228,305,1499,731
49,1,2207,23,1,0,228,279,844,579
49,1,2207,24,2,2,230,288,1679,953
49,1,2207,25,1,0,229,293,930,563
49,1,2207,26,1,0,233,285,914,255
49,1,2207,27,1,0,236,290,859,799
49,1,2207,28,1,0,242,289,1233,1053
49,1,2207,29,1,0,244,287,916,795
49,2,2877,1,1,0,255,352,1647,1014
49,2,2877,2,1,0,262,370,2242,1145
49,2,2877,3,1,0,263,364,2271,1352
49,2,2877,4,1,0,265,369,2344,1334
49,2,2877,5,4,6,267,366,1917,1144
49,2,2877,6,1,0,269,352,1439,825
49,2,2877,7,1,0,270,368,1528,508
49,2,2877,8,2,2,273,344,1676,885
49,2,2877,9,1,0,272,347,1480,838
49,2,2877,10,2,2,274,370,2085,900
49,2,2877,11,1,0,274,362,1427,460
49,2,2877,12,4,6,276,368,1917,1208
49,2,2877,13,1,0,275,340,1476,717
49,2,2877,14,1,0,277,374,1416,1619
49,2,2877,15,1,0,278,363,2063,894
49,2,2877,16,1,0,281,368,1490,586
49,2,2877,17,1,0,282,372,1608,675
49,2,2877,18,1,0,286,342,1504,1126
49,2,2877,19,2,2,296,362,1987,795
49,3,1906,1,1,0,248,170,958,482
49,3,1906,2,1,0,266,150,1036,496
49,3,1906,3,1,0,271,199,1243,810
49,3,1906,4,3,3,272,181,1199,801
49,3,1906,5,1,0,274,178,1387,532
49,3,1906,6,2,2,279,177,1291,454
49,3,1906,7,11,10,281,183,1227,574
49,3,1906,8,4,5,282,166,1162,636
49,3,1906,9,1,0,282,178,1437,471
49,3,1906,10,1,0,286,173,1756,995
49,4,1723,1,1,0,260,284,720,644
49,4,1723,2,1,0,261,276,742,154
49,4,1723,3,1,0,263,279,696,251
49,4,1723,4,2,2,264,293,800,525
49,4,1723,5,1,0,265,276,737,573
49,4,1723,6,1,0,265,279,856,756
49,4,1723,7,1,0,269,286,900,762
49,4,1723,8,1,0,273,294,917,402
49,4,1723,9,1,0,278,284,722,114
49,4,1723,10,2,2,279,294,862,445
49,4,1723,11,1,0,279,290,714,463
49,4,1723,12,1,0,279,292,698,312
49,4,1723,13,2,3,283,289,869,541
49,4,1723,14,3,4,287,291,938,656
49,4,1723,15,1,0,288,287,745,499
49,4,1723,16,7,9,300,298,985,471
49,5,1652,1,2,2,294,166,755,436
49,5,1652,2,1,0,295,179,785,542
49,5,1652,3,1,0,296,152,813,200
49,5,1652,4,2,2,299,178,1601,638
49,5,1652,5,1,0,299,175,736,693
49,5,1652,6,1,0,300,163,884,75
49,5,1652,7,1,0,302,173,735,328
49,5,1652,8,1,0,303,170,904,610
49,5,1652,9,1,0,305,173,980,673
49,5,1652,10,1,0,307,157,761,564
49,5,1652,11,3,6,309,159,961,525
49,5,1652,12,2,2,312,156,1034,673
49,5,1652,13,1,0,316,161,949,525
49,5,1652,14,1,0,327,197,939,666
49,5,1652,15,1,0,331,171,1024,651
49,5,1652,16,1,0,339,174,992,583
49,6,1697,1,1,0,336,354,808,405
49,6,1697,2,2,3,338,350,721,397
49,6,1697,3,2,2,339,340,741,249
49,6,1697,4,1,0,338,354,715,276
49,6,1697,5,2,2,341,346,1141,567
49,6,1697,6,1,0,340,349,705,669
49,6,1697,7,2,2,343,351,903,606
49,6,1697,8,1,0,345,349,1053,866
49,6,1697,9,1,0,346,353,918,501
49,6,1697,10,2,3,356,310,971,409
49,6,1697,11,1,0,355,327,1064,534
49,6,1697,12,1,0,357,306,746,362
49,6,1697,13,1,0,359,303,943,300
49,6,1697,14,1,0,362,305,759,225
49,6,1697,15,2,3,364,303,874,527
49,6,1697,16,3,5,366,298,822,352
49,6,1697,17,1,0,368,340,713,665
49,6,1697,18,1,0,370,345,795,331
49,6,1697,19,1,0,372,298,684,372
50,1,2259,1,2,2,205,315,1087,1105
50,1,2259,2,1,0,207,309,1069,432
50,1,2259,3,3,4,211,308,1510,1242
50,1,2259,4,3,3,211,275,2061,885
50,1,2259,5,6,12,214,282,1305,1078
50,1,2259,6,1,0,211,285,2340,1604
50,1,2259,7,1,0,213,287,1019,980
50,1,2259,8,3,5,214,289,1185,822
50,1,2259,9,1,0,214,308,951,473
50,1,2259,10,1,0,216,286,1115,864
50,1,2259,11,1,0,217,265,955,756
50,1,2259,12,1,0,218,286,1234,950
50,1,2259,13,2,2,220,285,1242,652
50,1,2259,14,7,11,223,291,1150,758
50,1,2259,15,1,0,221,296,888,434
50,1,2259,16,1,0,222,276,1080,387
50,1,2259,17,8,13,224,280,1325,980
50,1,2259,18,2,2,225,286,1196,701
50,1,2259,19,1,0,224,295,893,267
50,1,2259,20,1,0,225,298,1668,1440
50,1,2259,21,3,5,228,305,1809,901
50,1,2259,22,3,3,229,288,1529,942
50,1,2259,23,1,0,235,289,912,453
50,1,2259,24,3,3,237,292,1425,1053
50,1,2259,25,3,4,242,289,957,764
50,1,2259,26,1,0,241,293,971,793
50,1,2259,27,2,2,244,297,924,143
50,2,2840,1,2,2,256,352,1499,848
50,2,2840,2,1,0,256,369,1513,1246
50,2,2840,3,1,0,263,354,1705,1228
50,2,2840,4,1,0,263,364,1750,1008
50,2,2840,5,3,3,266,367,1837,733
50,2,2840,6,1,0,267,365,1711,1456
50,2,2840,7,1,0,269,352,1474,1262
50,2,2840,8,1,0,269,368,1429,508
50,2,2840,9,1,0,272,347,1519,504
50,2,2840,10,1,0,273,344,2081,1350
50,2,2840,11,2,2,274,370,1743,902
50,2,2840,12,1,0,274,362,1543,791
50,2,2840,13,2,2,275,368,2470,1819
50,2,2840,14,1,0,275,372,1442,510
50,2,2840,15,1,0,277,354,1373,342
50,2,2840,16,1,0,277,374,1724,1414
50,2,2840,17,2,2,279,363,1392,1272
50,2,2840,18,1,0,282,372,1751,430
50,2,2840,19,1,0,286,375,2196,1267
50,2,2840,20,1,0,287,342,1741,1371
50,2,2840,21,2,2,297,362,1849,715
50,3,1890,1,3,3,273,181,1104,529
50,3,1890,2,1,0,274,178,1406,472
50,3,1890,3,1,0,276,167,1118,397
50,3,1890,4,1,0,276,172,1118,124
50,3,1890,5,1,0,279,177,1512,139
50,3,1890,6,7,11,280,183,1585,574
50,3,1890,7,3,5,281,167,1134,538
50,3,1890,8,3,3,283,179,1141,509
50,3,1890,9,5,9,285,173,1420,539
50,4,1705,1,2,2,259,286,819,516
50,4,1705,2,1,0,261,280,755,536
50,4,1705,3,3,5,264,281,753,462
50,4,1705,4,2,2,265,285,761,593
50,4,1705,5,1,0,266,287,718,351
50,4,1705,6,1,0,268,295,704,553
50,4,1705,7,1,0,270,286,971,601
50,4,1705,8,1,0,277,293,783,841
50,4,1705,9,2,2,283,288,829,757
50,4,1705,10,1,0,286,291,959,594
50,4,1705,11,1,0,289,292,781,540
50,4,1705,12,1,0,290,310,747,391
50,4,1705,13,6,10,300,299,912,432
50,4,1705,14,1,0,304,300,683,117
50,4,1705,15,1,0,310,318,775,348
50,4,1705,16,1,0,312,330,765,497
50,5,1574,1,6,8,299,178,1219,592
50,5,1574,2,1,0,300,158,787,208
50,5,1574,3,1,0,301,169,1255,834
50,5,1574,4,1,0,303,170,849,120
50,5,1574,5,1,0,304,159,791,218
50,5,1574,6,2,2,305,174,965,327
50,5,1574,7,1,0,307,164,802,0
50,5,1574,8,1,0,309,154,676,174
50,5,1574,9,1,0,310,156,1150,693
50,5,1574,10,1,0,311,159,684,787
50,5,1574,11,2,2,316,161,1208,724
50,5,1574,12,1,0,331,171,1141,650
50,5,1574,13,1,0,340,175,694,419
50,6,1673,1,1,0,332,344,726,121
50,6,1673,2,1,0,334,342,655,350
50,6,1673,3,1,0,338,341,752,128
50,6,1673,4,1,0,338,350,738,393
50,6,1673,5,1,0,340,338,752,433
50,6,1673,6,2,2,341,347,873,721
50,6,1673,7,1,0,341,345,673,589
50,6,1673,8,1,0,343,353,740,412
50,6,1673,9,2,2,346,350,721,311
50,6,1673,10,1,0,348,354,760,91
50,6,1673,11,2,2,356,309,871,376
50,6,1673,12,2,3,358,313,681,315
50,6,1673,13,1,0,359,302,878,269
50,6,1673,14,1,0,361,311,710,314
50,6,1673,15,2,2,363,303,688,642
50,6,1673,16,1,0,364,300,892,364
50,6,1673,17,2,2,368,298,821,257
50,6,1673,18,1,0,368,338,713,68
50,6,1673,19,1,0,369,325,676,454
50,6,1673,20,1,0,370,344,700,425
50,6,1673,21,1,0,373,302,657,379
50,6,1673,22,1,0,373,336,673,392
51,1,2229,1,4,5,203,313,1020,911
51,1,2229,2,1,0,209,294,950,412
51,1,2229,3,1,0,209,325,867,209
51,1,2229,4,2,2,211,308,1386,1028
51,1,2229,5,2,2,212,276,1879,865
51,1,2229,6,1,0,211,285,1817,1436
51,1,2229,7,5,7,214,282,1481,1089
51,1,2229,8,3,5,214,289,1035,712
51,1,2229,9,1,0,214,305,1172,936
51,1,2229,10,1,0,216,286,1041,465
51,1,2229,11,1,0,218,286,1242,938
51,1,2229,12,1,0,220,284,1562,1071
51,1,2229,13,2,2,221,296,1354,755
51,1,2229,14,7,10,223,291,1142,861
51,1,2229,15,1,0,222,276,974,125
51,1,2229,16,7,10,224,280,1320,1006
51,1,2229,17,2,2,224,286,1251,743
51,1,2229,18,1,0,223,295,923,213
51,1,2229,19,1,0,223,334,922,403
51,1,2229,20,2,2,225,299,1382,624
51,1,2229,21,1,0,226,265,927,679
51,1,2229,22,3,5,228,305,1771,1018
51,1,2229,23,3,3,230,288,1438,915
51,1,2229,24,1,0,232,278,871,460
51,1,2229,25,1,0,234,283,908,375
51,1,2229,26,1,0,234,288,935,586
51,1,2229,27,4,5,237,292,1011,919
51,1,2229,28,1,0,240,287,1427,914
51,1,2229,29,1,0,241,284,838,1133
51,1,2229,30,1,0,242,289,1097,877
51,2,2834,1,2,2,257,352,1600,854
51,2,2834,2,3,3,262,371,1817,1000
51,2,2834,3,1,0,263,354,1454,1077
51,2,2834,4,1,0,263,364,1707,881
51,2,2834,5,5,7,267,367,1797,972
51,2,2834,6,1,0,267,354,1428,826
51,2,2834,7,1,0,269,351,1396,1095
51,2,2834,8,1,0,270,368,1378,684
51,2,2834,9,1,0,273,344,1435,918
51,2,2834,10,3,4,274,368,2196,1449
51,2,2834,11,2,2,275,362,1406,896
51,2,2834,12,1,0,277,352,1346,676
51,2,2834,13,1,0,277,354,1604,654
51,2,2834,14,1,0,277,374,1509,1196
51,2,2834,15,1,0,282,372,1521,408
51,2,2834,16,1,0,283,340,1453,802
51,2,2834,17,1,0,286,342,1508,732
51,2,2834,18,1,0,296,362,2373,1049
51,3,1895,1,1,0,249,171,1259,564
51,3,1895,2,3,5,273,181,1096,614
51,3,1895,3,1,0,276,171,1201,547
51,3,1895,4,2,2,279,177,1482,559
51,3,1895,5,5,7,279,182,1273,597
51,3,1895,6,1,0,280,185,1000,450
51,3,1895,7,3,3,282,167,1132,459
51,3,1895,8,1,0,282,183,1004,320
51,3,1895,9,3,3,283,174,1080,570
51,3,1895,10,1,0,283,180,1254,463
51,3,1895,11,3,3,287,173,1722,781
51,3,1895,12,1,0,286,178,990,695
51,4,1710,1,1,0,257,278,878,253
51,4,1710,2,2,3,264,281,757,578
51,4,1710,3,1,0,263,293,698,394
51,4,1710,4,1,0,264,290,737,509
51,4,1710,5,1,0,265,284,880,779
51,4,1710,6,1,0,268,284,781,253
51,4,1710,7,1,0,268,289,717,356
51,4,1710,8,1,0,272,283,757,301
51,4,1710,9,1,0,279,294,983,677
51,4,1710,10,1,0,283,289,774,278
51,4,1710,11,6,8,286,291,931,467
51,4,1710,12,2,2,300,293,767,357
51,4,1710,13,5,6,300,298,954,514
51,4,1710,14,1,0,312,300,692,641
51,4,1710,15,1,0,313,329,753,497
51,4,1710,16,1,0,319,327,689,601
51,5,1575,1,4,7,299,177,1151,476
51,5,1575,2,2,2,301,169,1019,569
51,5,1575,3,1,0,300,182,684,386
51,5,1575,4,1,0,303,170,775,451
51,5,1575,5,1,0,304,159,712,221
51,5,1575,6,2,2,305,174,848,403
51,5,1575,7,5,5,309,160,861,611
51,5,1575,8,1,0,309,163,738,489
51,5,1575,9,1,0,311,156,982,192
51,5,1575,10,1,0,315,161,916,522
51,5,1575,11,1,0,331,171,1165,649
51,5,1575,12,1,0,340,174,661,442
51,6,1664,1,2,3,335,340,817,443
51,6,1664,2,2,2,339,340,715,421
51,6,1664,3,1,0,339,348,650,444
51,6,1664,4,1,0,340,338,827,166
51,6,1664,5,1,0,341,350,670,539
51,6,1664,6,1,0,342,347,706,787
51,6,1664,7,5,8,344,351,701,411
51,6,1664,8,1,0,353,311,661,291
51,6,1664,9,2,3,356,310,788,508
51,6,1664,10,1,0,358,303,741,292
51,6,1664,11,1,0,360,304,767,720
51,6,1664,12,1,0,362,358,700,491
51,6,1664,13,2,2,363,303,895,654
51,6,1664,14,1,0,367,298,1016,408
51,6,1664,15,1,0,370,344,649,394
51,6,1664,16,1,0,372,303,739,499
51,6,1664,17,2,2,375,310,867,138
51,6,1664,18,1,0,379,311,695,334
51,6,1664,19,1,0,382,299,735,15
52,1,2227,1,1,0,203,314,851,471
52,1,2227,2,2,3,208,310,953,804
52,1,2227,3,3,3,211,308,1130,791
52,1,2227,4,3,3,212,275,1639,1024
52,1,2227,5,2,2,212,285,1649,1123
52,1,2227,6,4,5,213,291,1202,574
52,1,2227,7,6,8,215,281,1226,999
52,1,2227,8,2,3,214,287,1215,818
52,1,2227,9,2,2,214,304,1087,790
52,1,2227,10,1,0,218,297,1315,1045
52,1,2227,11,1,0,220,296,1092,648
52,1,2227,12,6,9,223,291,1234,931
52,1,2227,13,10,12,224,280,1244,880
52,1,2227,14,2,3,224,287,1399,812
52,1,2227,15,2,2,224,295,933,311
52,1,2227,16,2,3,225,293,925,438
52,1,2227,17,3,3,225,298,1088,692
52,1,2227,18,5,5,227,305,1547,909
52,1,2227,19,1,0,228,293,945,387
52,1,2227,20,2,2,230,288,2031,957
52,1,2227,21,1,0,235,294,987,319
52,1,2227,22,1,0,237,292,1620,1213
52,1,2227,23,1,0,242,285,957,884
52,2,2778,1,1,0,256,369,1726,1092
52,2,2778,2,1,0,257,352,2133,1213
52,2,2778,3,2,2,262,371,1993,1112
52,2,2778,4,5,7,267,367,1522,1077
52,2,2778,5,1,0,267,354,1820,1343
52,2,2778,6,2,2,269,352,1400,837
52,2,2778,7,1,0,270,368,1328,435
52,2,2778,8,1,0,272,347,1448,501
52,2,2778,9,3,4,274,368,2198,1436
52,2,2778,10,1,0,274,362,1486,739
52,2,2778,11,1,0,274,371,1349,661
52,2,2778,12,1,0,277,352,1273,792
52,2,2778,13,1,0,278,374,1831,1044
52,2,2778,14,1,0,281,369,1698,718
52,2,2778,15,1,0,282,340,1501,1071
52,2,2778,16,1,0,283,342,1302,586
52,2,2778,17,1,0,285,343,1857,877
52,2,2778,18,1,0,286,375,2450,925
52,2,2778,19,2,2,295,362,1942,784
52,3,1823,1,1,0,261,196,999,258
52,3,1823,2,1,0,271,181,1199,300
52,3,1823,3,2,2,273,182,1174,793
52,3,1823,4,1,0,274,173,1083,538
52,3,1823,5,1,0,275,175,1190,805
52,3,1823,6,1,0,277,171,945,769
52,3,1823,7,2,3,279,177,1162,293
52,3,1823,8,7,11,280,182,1241,588
52,3,1823,9,1,0,280,174,899,475
52,3,1823,10,1,0,282,168,1014,546
52,3,1823,11,3,3,283,175,1152,385
52,3,1823,12,1,0,283,180,1257,548
52,3,1823,13,1,0,285,177,1133,435
52,3,1823,14,2,2,287,173,1822,984
52,4,1699,1,1,0,259,283,703,416
52,4,1699,2,1,0,263,289,791,637
52,4,1699,3,1,0,264,293,734,471
52,4,1699,4,1,0,265,285,678,381
52,4,1699,5,1,0,265,295,756,374
52,4,1699,6,1,0,268,286,764,623
52,4,1699,7,1,0,270,295,690,578
52,4,1699,8,1,0,271,291,727,333
52,4,1699,9,2,2,273,283,940,442
52,4,1699,10,3,5,278,295,769,546
52,4,1699,11,1,0,278,292,808,438
52,4,1699,12,1,0,283,288,1011,679
52,4,1699,13,2,2,287,291,1137,631
52,4,1699,14,1,0,288,296,676,213
52,4,1699,15,1,0,289,292,731,664
52,4,1699,16,1,0,290,288,1098,302
52,4,1699,17,1,0,294,291,855,892
52,4,1699,18,1,0,294,293,844,195
52,4,1699,19,4,6,300,298,1054,545
52,4,1699,20,1,0,316,328,849,513
52,5,1655,1,1,0,297,153,760,538
52,5,1655,2,4,5,299,178,1384,500
52,5,1655,3,1,0,299,169,863,616
52,5,1655,4,1,0,301,169,902,642
52,5,1655,5,1,0,303,170,763,466
52,5,1655,6,1,0,304,159,733,684
52,5,1655,7,1,0,305,173,1000,488
52,5,1655,8,1,0,307,149,779,63
52,5,1655,9,1,0,308,155,765,237
52,5,1655,10,4,4,310,160,1088,745
52,5,1655,11,1,0,311,155,818,617
52,5,1655,12,1,0,329,169,980,440
52,5,1655,13,1,0,331,171,1483,686
52,5,1655,14,2,2,340,174,1010,500
52,6,1654,1,1,0,332,342,796,300
52,6,1654,2,2,2,335,340,853,367
52,6,1654,3,1,0,334,349,745,414
52,6,1654,4,1,0,337,333,795,298
52,6,1654,5,1,0,339,342,664,687
52,6,1654,6,1,0,340,338,782,267
52,6,1654,7,3,4,341,347,927,569
52,6,1654,8,1,0,342,352,644,501
52,6,1654,9,1,0,348,345,698,516
52,6,1654,10,2,3,352,314,831,241
52,6,1654,11,1,0,353,311,878,340
52,6,1654,12,3,3,356,309,879,585
52,6,1654,13,1,0,358,303,790,388
52,6,1654,14,1,0,359,305,696,363
52,6,1654,15,2,2,362,304,754,387
52,6,1654,16,1,0,361,330,744,27
52,6,1654,17,1,0,364,303,718,247
52,6,1654,18,1,0,367,298,1419,484
52,6,1654,19,1,0,370,305,665,641
52,6,1654,20,1,0,372,305,644,90
53,1,2233,1,1,0,210,308,2263,1270
53,1,2233,2,4,4,212,275,1796,1241
53,1,2233,3,1,0,211,283,1032,1042
53,1,2233,4,4,6,213,286,1093,1004
53,1,2233,5,4,5,213,291,1007,748
53,1,2233,6,4,6,215,280,1357,1015
53,1,2233,7,1,0,215,301,1050,980
53,1,2233,8,1,0,215,303,1520,1385
53,1,2233,9,1,0,218,269,896,704
53,1,2233,10,1,0,218,286,1050,957
53,1,2233,11,1,0,218,297,935,684
53,1,2233,12,1,0,219,279,1260,485
53,1,2233,13,1,0,220,283,997,358
53,1,2233,14,1,0,220,296,874,39
53,1,2233,15,9,15,223,291,1141,643
53,1,2233,16,1,0,222,276,1003,133
53,1,2233,17,5,6,224,281,1781,1209
53,1,2233,18,1,0,224,277,883,899
53,1,2233,19,1,0,224,286,1780,741
53,1,2233,20,4,5,225,299,1209,655
53,1,2233,21,1,0,227,274,891,551
53,1,2233,22,5,7,227,305,1268,835
53,1,2233,23,2,2,230,288,1912,1191
53,1,2233,24,1,0,235,294,946,514
53,1,2233,25,3,3,237,292,1357,857
53,1,2233,26,1,0,239,281,858,715
53,1,2233,27,1,0,239,290,896,116
53,1,2233,28,1,0,242,288,945,1110
53,1,2233,29,1,0,255,319,927,573
53,2,2881,1,1,0,257,352,2408,1322
53,2,2881,2,2,2,262,371,2072,1219
53,2,2881,3,2,2,264,364,1778,759
53,2,2881,4,1,0,264,369,1540,914
53,2,2881,5,1,0,265,352,1702,560
53,2,2881,6,2,3,268,367,1598,1005
53,2,2881,7,1,0,269,351,1454,407
53,2,2881,8,1,0,271,370,1504,673
53,2,2881,9,1,0,272,347,1432,951
53,2,2881,10,4,5,274,368,2154,1121
53,2,2881,11,1,0,275,371,1701,838
53,2,2881,12,1,0,277,352,1550,1005
53,2,2881,13,1,0,277,354,1397,338
53,2,2881,14,1,0,279,363,1542,1488
53,2,2881,15,1,0,281,368,1583,516
53,2,2881,16,1,0,282,340,1406,836
53,2,2881,17,1,0,282,372,1452,614
53,2,2881,18,2,2,286,341,1470,477
53,2,2881,19,1,0,286,375,1570,419
53,2,2881,20,2,2,295,362,1974,975
53,3,1874,1,1,0,249,172,992,540
53,3,1874,2,2,2,273,182,1173,1114
53,3,1874,3,1,0,275,175,1231,853
53,3,1874,4,2,2,277,165,1047,460
53,3,1874,5,2,2,277,187,1168,485
53,3,1874,6,1,0,277,170,1160,817
53,3,1874,7,1,0,277,179,963,583
53,3,1874,8,2,2,279,177,1513,530
53,3,1874,9,1,0,279,181,1930,675
53,3,1874,10,4,6,281,184,1128,558
53,3,1874,11,3,3,283,175,1152,343
53,3,1874,12,2,2,283,180,1144,686
53,3,1874,13,3,3,287,173,1477,856
53,4,1705,1,1,0,258,279,755,105
53,4,1705,2,2,3,262,280,729,156
53,4,1705,3,2,2,263,291,707,744
53,4,1705,4,1,0,266,287,710,658
53,4,1705,5,1,0,269,292,681,538
53,4,1705,6,1,0,272,283,764,683
53,4,1705,7,2,2,278,292,722,470
53,4,1705,8,1,0,277,294,816,870
53,4,1705,9,1,0,279,295,1180,619
53,4,1705,10,4,5,283,288,819,512
53,4,1705,11,1,0,285,296,688,154
53,4,1705,12,1,0,286,291,866,811
53,4,1705,13,1,0,288,290,818,330
53,4,1705,14,1,0,294,294,728,234
53,4,1705,15,6,10,300,299,859,352
53,4,1705,16,1,0,304,300,840,80
53,5,1689,1,1,0,294,164,772,377
53,5,1689,2,3,5,299,178,1387,699
53,5,1689,3,1,0,299,169,1139,292
53,5,1689,4,1,0,300,156,765,618
53,5,1689,5,1,0,301,169,835,482
53,5,1689,6,1,0,305,173,1327,454
53,5,1689,7,5,7,309,159,1159,520
53,5,1689,8,1,0,311,156,808,578
53,5,1689,9,1,0,315,161,814,388
53,5,1689,10,1,0,327,197,1146,370
53,5,1689,11,2,2,331,171,1006,684
53,5,1689,12,2,2,338,174,1098,582
53,5,1689,13,1,0,340,178,798,682
53,6,1688,1,2,2,335,340,908,478
53,6,1688,2,1,0,336,347,745,499
53,6,1688,3,2,3,339,350,752,610
53,6,1688,4,1,0,339,340,796,166
53,6,1688,5,1,0,340,338,682,172
53,6,1688,6,4,7,340,348,770,495
53,6,1688,7,1,0,345,351,900,475
53,6,1688,8,1,0,345,353,861,538
53,6,1688,9,2,3,352,314,783,311
53,6,1688,10,1,0,353,311,1057,342
53,6,1688,11,1,0,356,309,1358,569
53,6,1688,12,1,0,358,303,999,430
53,6,1688,13,1,0,358,311,847,341
53,6,1688,14,1,0,360,304,676,391
53,6,1688,15,1,0,362,304,808,482
53,6,1688,16,1,0,363,299,678,500
53,6,1688,17,2,3,367,298,1166,516
53,6,1688,18,1,0,368,351,770,685
53,6,1688,19,2,2,371,344,832,128
54,1,2279,1,1,0,208,313,906,463
54,1,2279,2,3,3,211,274,1753,1245
54,1,2279,3,2,2,210,308,1396,791
54,1,2279,4,1,0,211,283,1039,897
54,1,2279,5,2,2,212,285,1453,905
54,1,2279,6,2,3,213,291,1008,674
54,1,2279,7,6,7,215,280,1212,1018
54,1,2279,8,1,0,214,286,1163,1360
54,1,2279,9,1,0,214,300,1016,485
54,1,2279,10,1,0,215,290,1033,394
54,1,2279,11,2,2,215,303,1043,782
54,1,2279,12,1,0,216,284,998,1164
54,1,2279,13,2,3,218,287,1024,630
54,1,2279,14,1,0,218,297,1324,715
54,1,2279,15,1,0,219,279,1264,801
54,1,2279,16,1,0,220,289,956,513
54,1,2279,17,1,0,220,292,933,530
54,1,2279,18,1,0,220,333,903,541
54,1,2279,19,5,7,224,281,1559,1100
54,1,2279,20,6,10,223,290,1235,815
54,1,2279,21,3,3,223,286,1082,694
54,1,2279,22,3,5,225,299,1164,821
54,1,2279,23,1,0,225,293,948,651
54,1,2279,24,6,6,227,305,1462,665
54,1,2279,25,2,2,230,288,1786,1121
54,1,2279,26,1,0,235,294,984,493
54,1,2279,27,3,3,237,292,1421,1006
54,1,2279,28,1,0,241,288,1122,989
54,1,2279,29,2,2,244,292,1007,680
54,2,2753,1,1,0,257,352,2049,1130
54,2,2753,2,1,0,261,371,2579,1066
54,2,2753,3,2,2,265,364,1443,617
54,2,2753,4,1,0,265,352,1475,408
54,2,2753,5,1,0,266,354,1322,1182
54,2,2753,6,1,0,267,366,2359,973
54,2,2753,7,2,2,269,351,1405,1231
54,2,2753,8,1,0,268,373,1674,617
54,2,2753,9,1,0,271,370,1458,290
54,2,2753,10,1,0,273,344,1927,1439
54,2,2753,11,3,4,274,368,1888,1033
54,2,2753,12,1,0,275,362,1522,731
54,2,2753,13,1,0,275,371,1703,906
54,2,2753,14,1,0,277,352,1430,922
54,2,2753,15,1,0,277,354,1422,0
54,2,2753,16,2,2,277,372,1336,962
54,2,2753,17,1,0,278,363,1572,1272
54,2,2753,18,1,0,281,347,1326,467
54,2,2753,19,1,0,281,368,1730,606
54,2,2753,20,1,0,282,372,1910,524
54,2,2753,21,1,0,285,340,2045,1411
54,2,2753,22,1,0,287,375,1935,1112
54,2,2753,23,1,0,294,362,2596,1172
54,3,1862,1,3,3,273,182,1169,783
54,3,1862,2,1,0,273,178,1098,432
54,3,1862,3,1,0,275,175,1337,521
54,3,1862,4,1,0,276,166,1089,650
54,3,1862,5,1,0,276,187,1193,1070
54,3,1862,6,1,0,277,179,1060,336
54,3,1862,7,3,4,279,176,1204,343
54,3,1862,8,2,2,279,181,1253,646
54,3,1862,9,4,7,280,184,1084,762
54,3,1862,10,2,3,282,168,1215,411
54,3,1862,11,5,5,282,175,1086,250
54,3,1862,12,2,2,287,173,1556,654
54,4,1750,1,1,0,259,279,931,185
54,4,1750,2,1,0,260,282,826,364
54,4,1750,3,1,0,264,292,748,535
54,4,1750,4,1,0,266,296,769,341
54,4,1750,5,1,0,267,286,805,469
54,4,1750,6,1,0,272,283,727,339
54,4,1750,7,1,0,273,292,726,573
54,4,1750,8,1,0,277,295,790,277
54,4,1750,9,3,6,279,294,784,436
54,4,1750,10,1,0,283,288,1226,580
54,4,1750,11,3,5,286,291,1151,534
54,4,1750,12,2,2,289,292,976,304
54,4,1750,13,1,0,291,322,808,396
54,4,1750,14,2,3,299,298,999,422
54,4,1750,15,4,7,302,300,1041,310
54,4,1750,16,1,0,312,299,799,461
54,4,1750,17,1,0,314,330,724,360
54,4,1750,18,1,0,319,328,870,290
54,5,1619,1,1,0,294,164,762,575
54,5,1619,2,4,7,299,177,1298,514
54,5,1619,3,1,0,299,169,743,48
54,5,1619,4,2,2,301,169,1075,377
54,5,1619,5,1,0,305,173,952,566
54,5,1619,6,4,5,309,159,1085,777
54,5,1619,7,2,2,310,157,874,242
54,5,1619,8,1,0,310,155,802,480
54,5,1619,9,1,0,316,161,745,371
54,5,1619,10,2,2,331,171,1170,537
54,5,1619,11,2,2,338,173,1129,747
54,6,1662,1,2,2,334,342,876,233
54,6,1662,2,1,0,339,340,664,519
54,6,1662,3,1,0,339,342,665,342
54,6,1662,4,1,0,339,344,709,751
54,6,1662,5,1,0,339,348,808,699
54,6,1662,6,1,0,339,351,715,562
54,6,1662,7,3,3,341,346,717,674
54,6,1662,8,1,0,341,340,748,82
54,6,1662,9,1,0,345,351,707,594
54,6,1662,10,1,0,351,352,646,241
54,6,1662,11,1,0,352,337,648,203
54,6,1662,12,3,5,355,309,912,498
54,6,1662,13,1,0,355,327,904,390
54,6,1662,14,1,0,357,307,754,366
54,6,1662,15,1,0,359,304,682,485
54,6,1662,16,1,0,359,307,699,471
54,6,1662,17,1,0,359,310,822,378
54,6,1662,18,2,2,368,339,665,311
54,6,1662,19,1,0,370,303,707,471
54,6,1662,20,1,0,370,344,784,453
54,6,1662,21,1,0,372,298,743,187
54,6,1662,22,1,0,374,302,649,699
54,6,1662,23,1,0,381,304,715,453
55,1,2246,1,1,0,203,314,886,252
55,1,2246,2,4,5,207,313,1354,886
55,1,2246,3,1,0,209,298,884,504
55,1,2246,4,3,5,211,285,1557,893
55,1,2246,5,2,2,211,308,1370,970
55,1,2246,6,3,3,211,274,1872,1150
55,1,2246,7,1,0,213,290,964,672
55,1,2246,8,6,8,216,280,1397,956
55,1,2246,9,2,2,214,287,1280,1005
55,1,2246,10,1,0,214,303,1025,427
55,1,2246,11,2,3,216,289,1072,1155
55,1,2246,12,1,0,215,301,956,1069
55,1,2246,13,1,0,218,287,882,270
55,1,2246,14,1,0,218,297,1235,516
55,1,2246,15,2,2,223,291,1658,1703
55,1,2246,16,6,7,225,281,1505,1007
55,1,2246,17,2,2,224,286,1279,928
55,1,2246,18,2,2,224,289,1050,1035
55,1,2246,19,1,0,224,277,917,871
55,1,2246,20,3,5,225,299,1265,810
55,1,2246,21,2,3,227,275,903,228
55,1,2246,22,5,5,228,305,1208,863
55,1,2246,23,2,2,230,288,2124,1258
55,1,2246,24,1,0,231,282,873,358
55,1,2246,25,1,0,235,294,1119,353
55,1,2246,26,3,3,237,291,1112,882
55,1,2246,27,2,2,239,289,888,831
55,1,2246,28,1,0,240,292,926,765
55,1,2246,29,1,0,250,332,998,351
55,2,2812,1,2,3,257,353,1972,795
55,2,2812,2,1,0,256,368,1403,703
55,2,2812,3,1,0,261,371,2175,1258
55,2,2812,4,2,2,265,364,1512,782
55,2,2812,5,1,0,266,354,1808,923
55,2,2812,6,1,0,267,366,1804,884
55,2,2812,7,1,0,268,351,1567,705
55,2,2812,8,2,2,268,373,1443,495
55,2,2812,9,1,0,271,370,1903,958
55,2,2812,10,1,0,273,344,1497,1161
55,2,2812,11,4,5,274,368,2243,990
55,2,2812,12,2,2,275,372,1627,685
55,2,2812,13,1,0,277,354,1413,495
55,2,2812,14,1,0,278,365,1351,867
55,2,2812,15,1,0,279,363,1989,1666
55,2,2812,16,1,0,282,372,1753,381
55,2,2812,17,1,0,283,340,1486,529
55,2,2812,18,1,0,285,340,1847,1614
55,2,2812,19,1,0,288,375,1323,737
55,2,2812,20,2,2,294,362,2057,994
55,3,1962,1,1,0,269,180,1205,88
55,3,1962,2,2,2,273,182,1389,659
55,3,1962,3,1,0,275,175,1352,662
55,3,1962,4,1,0,276,168,1604,1005
55,3,1962,5,2,2,277,187,1462,849
55,3,1962,6,1,0,277,170,1061,566
55,3,1962,7,1,0,277,179,1226,262
55,3,1962,8,5,9,279,175,1178,521
55,3,1962,9,4,6,280,181,1314,480
55,3,1962,10,1,0,280,199,1147,334
55,3,1962,11,1,0,281,184,1048,659
55,3,1962,12,1,0,282,167,1181,32
55,3,1962,13,1,0,282,178,1176,450
55,3,1962,14,1,0,283,174,1074,118
55,3,1962,15,1,0,283,180,1050,427
55,3,1962,16,2,2,287,173,1368,613
55,4,1714,1,1,0,256,286,705,261
55,4,1714,2,3,5,258,278,766,411
55,4,1714,3,1,0,258,284,733,275
55,4,1714,4,1,0,259,286,729,565
55,4,1714,5,1,0,262,286,720,250
55,4,1714,6,1,0,262,291,695,614
55,4,1714,7,1,0,264,285,861,658
55,4,1714,8,1,0,264,291,698,651
55,4,1714,9,1,0,269,292,914,317
55,4,1714,10,2,3,279,295,901,640
55,4,1714,11,2,2,284,288,828,678
55,4,1714,12,2,3,287,291,828,586
55,4,1714,13,2,2,289,292,1001,548
55,4,1714,14,1,0,295,291,892,603
55,4,1714,15,1,0,299,297,917,741
55,4,1714,16,1,0,300,293,723,307
55,4,1714,17,3,5,302,300,1078,407
55,4,1714,18,1,0,316,328,700,326
55,4,1714,19,1,0,319,328,724,429
55,5,1636,1,1,0,295,165,1033,451
55,5,1636,2,1,0,296,179,751,159
55,5,1636,3,3,5,299,178,1203,477
55,5,1636,4,1,0,299,154,801,330
55,5,1636,5,1,0,301,169,975,739
55,5,1636,6,2,2,305,174,1018,235
55,5,1636,7,1,0,307,163,817,175
55,5,1636,8,3,3,309,160,1129,730
55,5,1636,9,2,2,311,156,900,565
55,5,1636,10,1,0,311,159,712,679
55,5,1636,11,1,0,315,161,722,371
55,5,1636,12,1,0,327,197,714,369
55,5,1636,13,2,2,331,171,1148,510
55,5,1636,14,1,0,336,173,1375,622
55,6,1677,1,2,2,334,341,685,522
55,6,1677,2,4,7,339,347,898,491
55,6,1677,3,2,3,340,339,819,356
55,6,1677,4,1,0,340,350,680,503
55,6,1677,5,1,0,342,352,733,235
55,6,1677,6,2,2,343,350,755,680
55,6,1677,7,2,3,346,355,797,648
55,6,1677,8,1,0,346,350,837,254
55,6,1677,9,1,0,347,353,810,273
55,6,1677,10,2,3,354,311,875,431
55,6,1677,11,1,0,356,309,1061,769
55,6,1677,12,1,0,358,329,811,270
55,6,1677,13,1,0,359,302,931,323
55,6,1677,14,2,3,364,304,799,536
55,6,1677,15,1,0,368,351,1342,600
55,6,1677,16,1,0,370,344,739,480
55,6,1677,17,1,0,371,307,732,302
55,6,1677,18,1,0,378,319,672,400
56,1,2257,1,1,0,208,313,1293,1159
56,1,2257,2,2,3,210,309,998,979
56,1,2257,3,3,3,212,285,1463,857
56,1,2257,4,1,0,212,291,1046,459
56,1,2257,5,4,4,214,274,1538,851
56,1,2257,6,5,6,215,280,1416,1129
56,1,2257,7,1,0,214,286,1249,908
56,1,2257,8,2,2,215,303,969,986
56,1,2257,9,6,12,216,287,1192,560
56,1,2257,10,2,2,217,264,949,525
56,1,2257,11,1,0,218,297,1105,761
56,1,2257,12,1,0,219,260,887,890
56,1,2257,13,1,0,220,278,908,772
56,1,2257,14,6,7,222,292,1211,928
56,1,2257,15,6,7,224,281,1491,1070
56,1,2257,16,1,0,223,286,1081,1018
56,1,2257,17,1,0,223,289,1179,858
56,1,2257,18,1,0,224,294,1133,341
56,1,2257,19,1,0,224,298,1345,719
56,1,2257,20,1,0,227,293,1140,181
56,1,2257,21,5,5,227,305,1411,793
56,1,2257,22,2,2,230,288,2050,1204
56,1,2257,23,2,2,231,283,915,567
56,1,2257,24,1,0,235,277,1027,316
56,1,2257,25,1,0,236,284,1134,645
56,1,2257,26,3,3,237,291,1060,958
56,1,2257,27,1,0,240,292,897,334
56,1,2257,28,1,0,241,288,1097,1086
56,2,2830,1,1,0,254,352,1738,802
56,2,2830,2,1,0,256,368,1537,1025
56,2,2830,3,1,0,261,371,2008,926
56,2,2830,4,2,2,265,364,1469,590
56,2,2830,5,3,3,267,366,1928,1119
56,2,2830,6,1,0,269,373,1516,374
56,2,2830,7,1,0,270,368,1759,702
56,2,2830,8,1,0,271,370,1607,767
56,2,2830,9,1,0,273,344,1585,1207
56,2,2830,10,4,5,274,368,2097,1234
56,2,2830,11,2,2,277,371,1723,812
56,2,2830,12,2,3,279,364,1506,1156
56,2,2830,13,1,0,278,374,1560,1274
56,2,2830,14,2,2,281,364,1394,912
56,2,2830,15,3,4,284,340,1848,1211
56,2,2830,16,1,0,283,371,1345,1240
56,2,2830,17,1,0,294,362,2606,961
56,3,1915,1,3,5,272,181,1507,484
56,3,1915,2,3,4,276,170,1234,568
56,3,1915,3,2,2,276,175,1305,441
56,3,1915,4,2,2,277,187,1176,904
56,3,1915,5,3,5,278,179,1372,645
56,3,1915,6,2,3,280,175,1202,719
56,3,1915,7,4,5,280,183,1104,784
56,3,1915,8,1,0,281,168,1098,788
56,3,1915,9,1,0,282,178,1387,808
56,3,1915,10,2,2,283,174,1173,437
56,3,1915,11,1,0,283,180,1364,207
56,3,1915,12,2,2,287,174,1331,823
56,4,1693,1,1,0,258,277,679,307
56,4,1693,2,1,0,260,284,852,608
56,4,1693,3,1,0,261,286,752,438
56,4,1693,4,2,3,263,292,678,671
56,4,1693,5,1,0,264,288,715,352
56,4,1693,6,1,0,265,292,754,801
56,4,1693,7,1,0,266,284,734,382
56,4,1693,8,2,2,273,283,1026,512
56,4,1693,9,1,0,277,296,789,687
56,4,1693,10,2,2,279,295,813,444
56,4,1693,11,1,0,284,288,678,311
56,4,1693,12,1,0,286,291,860,661
56,4,1693,13,1,0,289,292,783,623
56,4,1693,14,2,2,291,288,767,527
56,4,1693,15,2,3,299,298,824,435
56,4,1693,16,1,0,300,293,941,450
56,4,1693,17,4,7,303,300,980,519
56,4,1693,18,1,0,312,301,676,566
56,4,1693,19,1,0,320,328,688,479
56,5,1577,1,1,0,295,157,694,128
56,5,1577,2,1,0,295,161,679,402
56,5,1577,3,4,5,299,178,1172,545
56,5,1577,4,1,0,299,159,714,347
56,5,1577,5,1,0,300,161,659,391
56,5,1577,6,1,0,301,169,1097,580
56,5,1577,7,1,0,305,173,1174,462
56,5,1577,8,2,3,309,160,798,630
56,5,1577,9,3,3,311,159,871,380
56,5,1577,10,1,0,315,161,961,730
56,5,1577,11,1,0,321,162,709,143
56,5,1577,12,1,0,327,197,683,944
56,5,1577,13,1,0,331,171,1259,676
56,5,1577,14,2,2,333,172,1160,800
56,6,1664,1,2,3,334,342,707,426
56,6,1664,2,1,0,336,345,771,812
56,6,1664,3,2,2,338,350,727,518
56,6,1664,4,1,0,340,338,681,324
56,6,1664,5,1,0,340,347,773,597
56,6,1664,6,1,0,344,353,799,650
56,6,1664,7,1,0,345,348,712,182
56,6,1664,8,1,0,351,315,754,316
56,6,1664,9,1,0,352,343,766,310
56,6,1664,10,2,3,354,311,778,436
56,6,1664,11,1,0,353,334,756,431
56,6,1664,12,1,0,354,336,655,275
56,6,1664,13,2,2,356,310,935,395
56,6,1664,14,1,0,357,307,966,549
56,6,1664,15,2,3,359,303,695,95
56,6,1664,16,1,0,358,311,692,319
56,6,1664,17,1,0,361,306,844,178
56,6,1664,18,1,0,363,298,701,352
56,6,1664,19,2,2,365,303,791,399
56,6,1664,20,1,0,366,353,753,482
56,6,1664,21,1,0,367,307,679,148
56,6,1664,22,1,0,368,293,702,504
56,6,1664,23,1,0,370,344,817,173
57,1,2282,1,1,0,202,291,1147,880
57,1,2282,2,1,0,206,316,1316,602
57,1,2282,3,2,2,208,313,1224,649
57,1,2282,4,1,0,209,300,928,929
57,1,2282,5,1,0,212,281,997,274
57,1,2282,6,1,0,212,285,2071,1264
57,1,2282,7,4,5,213,291,1017,565
57,1,2282,8,2,2,214,274,1603,906
57,1,2282,9,3,3,214,287,1405,1110
57,1,2282,10,5,6,215,280,1531,1034
57,1,2282,11,2,3,216,289,1136,591
57,1,2282,12,1,0,215,301,913,697
57,1,2282,13,1,0,215,303,947,919
57,1,2282,14,1,0,216,285,1267,808
57,1,2282,15,1,0,217,266,914,519
57,1,2282,16,1,0,218,272,938,720
57,1,2282,17,1,0,218,286,1313,701
57,1,2282,18,1,0,218,297,1109,769
57,1,2282,19,1,0,220,282,994,489
57,1,2282,20,1,0,220,290,1086,350
57,1,2282,21,6,8,222,291,1175,845
57,1,2282,22,8,9,224,280,1265,905
57,1,2282,23,1,0,223,295,981,445
57,1,2282,24,1,0,224,285,940,1020
57,1,2282,25,1,0,226,298,963,468
57,1,2282,26,5,5,227,305,1383,715
57,1,2282,27,2,2,230,288,1882,1219
57,1,2282,28,1,0,231,283,1124,914
57,1,2282,29,1,0,234,294,1035,238
57,1,2282,30,3,3,236,291,1215,860
57,1,2282,31,1,0,239,291,1276,787
57,1,2282,32,1,0,241,286,993,129
57,1,2282,33,1,0,250,317,944,691
57,2,2846,1,1,0,261,372,2206,901
57,2,2846,2,3,4,267,366,1809,1050
57,2,2846,3,1,0,267,362,1429,109
57,2,2846,4,2,2,270,368,1425,726
57,2,2846,5,1,0,269,372,1807,749
57,2,2846,6,1,0,273,344,1621,1576
57,2,2846,7,1,0,273,368,2090,1276
57,2,2846,8,1,0,274,362,1414,998
57,2,2846,9,4,4,276,369,1779,993
57,2,2846,10,4,5,277,371,1657,921
57,2,2846,11,1,0,280,362,1406,809
57,2,2846,12,1,0,282,372,1395,58
57,2,2846,13,1,0,283,344,1652,854
57,2,2846,14,1,0,285,340,1633,1125
57,2,2846,15,1,0,286,343,1726,1227
57,2,2846,16,1,0,288,375,1846,1135
57,2,2846,17,2,2,294,362,2357,763
57,2,2846,18,1,0,299,368,1414,520
57,3,1811,1,1,0,273,182,1111,809
57,3,1811,2,3,4,276,175,1002,401
57,3,1811,3,2,2,278,170,1003,486
57,3,1811,4,1,0,277,179,1416,640
57,3,1811,5,3,4,279,176,1380,616
57,3,1811,6,3,3,280,180,1202,453
57,3,1811,7,4,5,281,183,1249,609
57,3,1811,8,1,0,281,174,1159,575
57,3,1811,9,2,2,282,178,1042,520
57,3,1811,10,4,5,284,174,1036,373
57,3,1811,11,1,0,287,174,1997,1119
57,4,1685,1,1,0,255,276,725,13
57,4,1685,2,1,0,262,279,694,597
57,4,1685,3,1,0,263,285,828,217
57,4,1685,4,1,0,263,291,723,776
57,4,1685,5,1,0,263,295,739,259
57,4,1685,6,1,0,266,286,671,442
57,4,1685,7,1,0,269,301,721,474
57,4,1685,8,1,0,278,289,774,577
57,4,1685,9,4,4,279,294,724,326
57,4,1685,10,2,2,284,288,741,566
57,4,1685,11,1,0,286,290,730,601
57,4,1685,12,1,0,289,292,1230,397
57,4,1685,13,2,3,293,294,801,395
57,4,1685,14,2,2,299,297,969,322
57,4,1685,15,2,2,301,299,1465,651
57,4,1685,16,1,0,306,302,692,286
57,4,1685,17,1,0,312,311,746,528
57,4,1685,18,1,0,313,329,722,567
57,4,1685,19,1,0,317,303,709,598
57,5,1588,1,1,0,295,165,666,610
57,5,1588,2,2,2,299,178,1550,711
57,5,1588,3,1,0,301,169,770,937
57,5,1588,4,1,0,303,163,1110,10
57,5,1588,5,1,0,305,173,803,430
57,5,1588,6,7,10,310,159,961,537
57,5,1588,7,1,0,308,164,686,411
57,5,1588,8,1,0,309,162,786,322
57,5,1588,9,2,2,316,161,1053,402
57,5,1588,10,1,0,331,171,1339,791
57,5,1588,11,3,3,333,172,1219,614
57,6,1667,1,1,0,330,348,687,289
57,6,1667,2,1,0,334,341,786,452
57,6,1667,3,1,0,338,340,702,144
57,6,1667,4,1,0,338,347,755,766
57,6,1667,5,1,0,338,350,725,371
57,6,1667,6,1,0,340,338,1176,374
57,6,1667,7,3,3,340,347,776,500
57,6,1667,8,1,0,342,354,681,588
57,6,1667,9,1,0,344,346,1068,65
57,6,1667,10,1,0,344,354,715,418
57,6,1667,11,2,2,356,309,844,716
57,6,1667,12,1,0,356,342,748,223
57,6,1667,13,1,0,357,306,727,296
57,6,1667,14,1,0,358,311,1023,230
57,6,1667,15,1,0,359,304,1096,325
57,6,1667,16,1,0,361,311,703,332
57,6,1667,17,2,2,363,303,1074,567
57,6,1667,18,1,0,367,352,861,501
57,6,1667,19,1,0,369,306,1124,582
57,6,1667,20,1,0,370,344,801,337
57,6,1667,21,1,0,374,322,778,253
57,6,1667,22,1,0,378,298,751,401
57,6,1667,23,1,0,379,293,663,640
58,1,2253,1,1,0,204,307,942,138
58,1,2253,2,2,2,207,313,1114,977
58,1,2253,3,1,0,207,323,971,665
58,1,2253,4,2,2,212,285,1359,1244
58,1,2253,5,3,5,214,290,938,505
58,1,2253,6,3,3,215,275,1334,908
58,1,2253,7,6,8,215,281,1327,857
58,1,2253,8,5,9,215,286,1296,1003
58,1,2253,9,3,3,215,302,1183,841
58,1,2253,10,1,0,217,270,959,500
58,1,2253,11,1,0,218,286,1184,1028
58,1,2253,12,1,0,218,297,1240,719
58,1,2253,13,1,0,220,278,1234,897
58,1,2253,14,4,5,221,292,1277,967
58,1,2253,15,8,12,224,280,1405,912
58,1,2253,16,1,0,223,289,1039,1098
58,1,2253,17,1,0,223,295,935,201
58,1,2253,18,1,0,224,285,1005,597
58,1,2253,19,4,5,227,305,1319,812
58,1,2253,20,2,2,229,288,1339,936
58,1,2253,21,2,2,231,284,951,713
58,1,2253,22,1,0,234,286,1087,598
58,1,2253,23,1,0,236,283,905,1143
58,1,2253,24,3,3,237,290,1098,1067
58,1,2253,25,4,4,238,281,1382,1003
58,1,2253,26,2,2,240,290,1318,723
58,2,2852,1,1,0,256,353,1403,893
58,2,2852,2,1,0,261,372,2088,836
58,2,2852,3,1,0,265,364,1674,1035
58,2,2852,4,5,8,268,367,1672,924
58,2,2852,5,1,0,269,372,2606,1494
58,2,2852,6,3,3,273,344,1649,1185
58,2,2852,7,5,7,275,368,1812,1155
58,2,2852,8,4,4,277,372,1822,1080
58,2,2852,9,1,0,278,363,1381,685
58,2,2852,10,1,0,278,374,1611,898
58,2,2852,11,1,0,280,362,1396,847
58,2,2852,12,2,2,282,372,1629,621
58,2,2852,13,1,0,288,375,1947,729
58,2,2852,14,1,0,294,362,2087,899
58,3,1848,1,1,0,267,191,935,698
58,3,1848,2,3,3,273,181,1206,510
58,3,1848,3,2,2,275,176,1129,646
58,3,1848,4,2,2,277,170,1262,857
58,3,1848,5,1,0,277,175,959,236
58,3,1848,6,2,2,277,180,1006,234
58,3,1848,7,4,7,279,176,1278,467
58,3,1848,8,1,0,279,180,1198,447
58,3,1848,9,3,3,281,183,1234,701
58,3,1848,10,1,0,281,167,919,241
58,3,1848,11,1,0,282,178,1125,603
58,3,1848,12,4,7,284,174,1041,295
58,3,1848,13,1,0,287,174,1783,803
58,4,1695,1,1,0,262,286,727,745
58,4,1695,2,1,0,262,291,683,858
58,4,1695,3,1,0,265,292,915,385
58,4,1695,4,1,0,273,297,712,335
58,4,1695,5,1,0,275,283,709,618
58,4,1695,6,2,2,278,288,698,498
58,4,1695,7,1,0,278,294,728,479
58,4,1695,8,1,0,280,296,705,215
58,4,1695,9,4,4,284,288,881,567
58,4,1695,10,1,0,286,285,681,191
58,4,1695,11,1,0,286,287,754,333
58,4,1695,12,3,5,287,291,864,505
58,4,1695,13,2,2,295,290,721,279
58,4,1695,14,1,0,299,297,1297,730
58,4,1695,15,2,2,301,299,1335,563
58,4,1695,16,1,0,305,305,798,215
58,4,1695,17,2,3,316,329,827,586
58,4,1695,18,1,0,322,326,770,468
58,5,1638,1,1,0,294,165,813,218
58,5,1638,2,1,0,296,160,892,323
58,5,1638,3,6,7,299,178,1005,627
58,5,1638,4,1,0,301,169,1276,738
58,5,1638,5,1,0,305,173,794,458
58,5,1638,6,2,2,309,159,1477,950
58,5,1638,7,2,2,310,156,782,571
58,5,1638,8,2,2,312,159,960,434
58,5,1638,9,1,0,315,161,915,707
58,5,1638,10,2,2,331,171,1108,493
58,5,1638,11,2,2,334,172,1175,635
58,6,1682,1,1,0,334,341,904,371
58,6,1682,2,1,0,335,336,741,434
58,6,1682,3,5,8,339,346,741,766
58,6,1682,4,1,0,339,344,687,360
58,6,1682,5,1,0,341,351,708,771
58,6,1682,6,1,0,344,330,803,134
58,6,1682,7,1,0,344,344,772,292
58,6,1682,8,1,0,345,352,717,670
58,6,1682,9,1,0,346,321,705,515
58,6,1682,10,1,0,350,335,668,237
58,6,1682,11,1,0,353,311,976,160
58,6,1682,12,2,2,356,309,857,342
58,6,1682,13,2,2,358,306,757,431
58,6,1682,14,1,0,357,330,829,272
58,6,1682,15,1,0,365,302,1129,454
58,6,1682,16,1,0,366,298,706,139
58,6,1682,17,1,0,368,326,743,327
58,6,1682,18,1,0,368,348,912,36
58,6,1682,19,1,0,370,344,669,278
58,6,1682,20,1,0,374,302,726,354
58,6,1682,21,1,0,379,291,756,113
58,6,1682,22,1,0,380,293,686,648
59,1,2201,1,1,0,205,295,851,517
59,1,2201,2,1,0,206,299,861,266
59,1,2201,3,1,0,206,306,877,662
59,1,2201,4,2,2,207,314,1168,789
59,1,2201,5,2,2,211,285,1283,1032
59,1,2201,6,1,0,212,287,1109,569
59,1,2201,7,2,2,213,291,971,836
59,1,2201,8,1,0,214,273,1496,1380
59,1,2201,9,5,7,215,280,1424,1081
59,1,2201,10,4,5,215,286,1222,1082
59,1,2201,11,4,5,215,301,1088,749
59,1,2201,12,1,0,215,289,1237,848
59,1,2201,13,1,0,218,286,1284,720
59,1,2201,14,1,0,218,297,1201,662
59,1,2201,15,2,2,220,278,991,529
59,1,2201,16,7,12,222,290,1131,844
59,1,2201,17,8,10,224,280,1356,982
59,1,2201,18,1,0,223,295,1091,383
59,1,2201,19,1,0,224,286,851,104
59,1,2201,20,6,7,227,305,1400,875
59,1,2201,21,2,2,229,288,1666,1007
59,1,2201,22,3,6,232,273,918,563
59,1,2201,23,2,2,235,293,1029,443
59,1,2201,24,1,0,236,290,1778,1492
59,1,2201,25,2,2,237,282,2000,1379
59,1,2201,26,1,0,237,288,893,772
59,2,2814,1,1,0,262,372,2117,1008
59,2,2814,2,1,0,265,364,2438,1198
59,2,2814,3,3,5,267,366,1629,1090
59,2,2814,4,2,2,269,372,2123,1157
59,2,2814,5,2,2,273,344,1684,976
59,2,2814,6,1,0,273,368,1396,407
59,2,2814,7,1,0,275,343,1509,574
59,2,2814,8,1,0,276,340,1662,1099
59,2,2814,9,2,2,276,369,2179,1022
59,2,2814,10,1,0,277,365,1416,596
59,2,2814,11,3,3,277,371,2015,906
59,2,2814,12,1,0,279,373,1429,202
59,2,2814,13,1,0,280,362,1518,834
59,2,2814,14,1,0,281,364,1397,593
59,2,2814,15,3,3,282,372,1472,577
59,2,2814,16,1,0,286,340,1576,1133
59,2,2814,17,1,0,288,375,1983,1023
59,2,2814,18,1,0,293,357,1337,562
59,2,2814,19,1,0,294,362,2358,1267
59,3,1857,1,1,0,267,191,955,846
59,3,1857,2,1,0,269,180,1041,56
59,3,1857,3,2,2,273,181,1040,389
59,3,1857,4,1,0,273,183,1425,517
59,3,1857,5,3,4,277,170,1117,720
59,3,1857,6,2,2,276,176,977,301
59,3,1857,7,2,2,278,179,1164,452
59,3,1857,8,1,0,277,186,1006,392
59,3,1857,9,3,5,279,175,1090,429
59,3,1857,10,1,0,280,164,1008,516
59,3,1857,11,3,3,281,183,1247,478
59,3,1857,12,1,0,282,178,1406,850
59,3,1857,13,1,0,284,180,1078,537
59,3,1857,14,4,7,286,174,1306,572
59,4,1705,1,2,2,261,277,701,328
59,4,1705,2,1,0,260,285,813,282
59,4,1705,3,1,0,264,279,739,915
59,4,1705,4,1,0,267,279,731,436
59,4,1705,5,1,0,267,285,689,728
59,4,1705,6,1,0,269,293,716,124
59,4,1705,7,1,0,273,292,928,625
59,4,1705,8,2,2,277,294,873,463
59,4,1705,9,1,0,278,288,896,1179
59,4,1705,10,1,0,279,295,754,455
59,4,1705,11,2,2,284,288,733,688
59,4,1705,12,1,0,286,288,696,483
59,4,1705,13,4,5,287,291,772,737
59,4,1705,14,1,0,291,288,739,335
59,4,1705,15,1,0,298,298,943,176
59,4,1705,16,2,2,301,299,1453,713
59,4,1705,17,1,0,303,300,820,291
59,4,1705,18,2,3,323,328,804,610
59,5,1587,1,1,0,294,165,897,768
59,5,1587,2,1,0,295,175,672,212
59,5,1587,3,1,0,298,177,795,814
59,5,1587,4,3,3,300,179,1122,576
59,5,1587,5,1,0,301,169,1057,833
59,5,1587,6,1,0,303,164,781,283
59,5,1587,7,1,0,305,159,756,450
59,5,1587,8,1,0,305,173,996,276
59,5,1587,9,1,0,308,163,1049,726
59,5,1587,10,2,2,309,160,917,538
59,5,1587,11,1,0,312,159,740,703
59,5,1587,12,1,0,315,161,1018,562
59,5,1587,13,1,0,319,198,717,141
59,5,1587,14,1,0,331,171,1259,614
59,5,1587,15,2,2,334,172,1245,879
59,5,1587,16,1,0,340,179,708,343
59,5,1587,17,1,0,342,182,704,234
59,6,1664,1,1,0,331,348,675,260
59,6,1664,2,2,2,334,342,770,700
59,6,1664,3,1,0,338,334,697,331
59,6,1664,4,1,0,339,343,929,721
59,6,1664,5,1,0,339,347,699,509
59,6,1664,6,5,10,341,349,713,574
59,6,1664,7,1,0,340,338,956,256
59,6,1664,8,2,2,346,355,662,424
59,6,1664,9,1,0,347,331,693,132
59,6,1664,10,1,0,353,311,677,408
59,6,1664,11,1,0,353,314,670,373
59,6,1664,12,2,2,357,309,1134,474
59,6,1664,13,1,0,356,313,755,587
59,6,1664,14,2,2,357,307,722,469
59,6,1664,15,1,0,362,304,738,315
59,6,1664,16,1,0,365,303,728,402
59,6,1664,17,1,0,368,351,655,265
59,6,1664,18,1,0,369,324,689,536
59,6,1664,19,1,0,370,338,880,409
59,6,1664,20,1,0,379,292,668,328
60,1,2228,1,1,0,200,305,1013,269
60,1,2228,2,1,0,204,288,1280,809
60,1,2228,3,2,2,206,315,1394,1488
60,1,2228,4,3,3,211,285,1351,858
60,1,2228,5,1,0,211,300,1168,928
60,1,2228,6,1,0,212,264,959,607
60,1,2228,7,2,2,213,291,1018,586
60,1,2228,8,1,0,214,273,1458,664
60,1,2228,9,5,6,215,280,1517,1156
60,1,2228,10,5,8,216,286,1422,1009
60,1,2228,11,1,0,214,299,932,633
60,1,2228,12,1,0,215,289,1298,979
60,1,2228,13,1,0,215,302,1189,871
60,1,2228,14,1,0,216,267,919,401
60,1,2228,15,1,0,218,263,932,326
60,1,2228,16,1,0,218,268,1052,460
60,1,2228,17,1,0,220,277,980,893
60,1,2228,18,2,2,220,291,957,498
60,1,2228,19,2,2,222,289,1167,774
60,1,2228,20,2,2,222,292,1382,901
60,1,2228,21,3,3,223,294,1030,491
60,1,2228,22,8,8,224,280,1352,1051
60,1,2228,23,1,0,226,293,1097,227
60,1,2228,24,1,0,226,298,1482,583
60,1,2228,25,5,7,227,305,1357,737
60,1,2228,26,1,0,229,287,2284,1801
60,1,2228,27,1,0,231,274,1727,1099
60,1,2228,28,1,0,231,282,931,298
60,1,2228,29,2,2,236,290,1510,1010
60,1,2228,30,2,2,237,282,1724,1011
60,1,2228,31,2,3,240,284,897,914
60,1,2228,32,1,0,239,289,929,399
60,2,2813,1,2,2,262,372,1714,482
60,2,2813,2,1,0,265,364,2169,333
60,2,2813,3,3,3,268,366,1761,1254
60,2,2813,4,1,0,268,352,1362,673
60,2,2813,5,1,0,269,372,2505,1400
60,2,2813,6,2,2,273,343,1925,1198
60,2,2813,7,1,0,274,362,1360,709
60,2,2813,8,2,2,276,368,2216,1475
60,2,2813,9,1,0,275,370,1401,582
60,2,2813,10,1,0,276,340,1347,1060
60,2,2813,11,3,3,277,372,1881,751
60,2,2813,12,1,0,277,365,2060,1031
60,2,2813,13,2,2,279,344,1497,895
60,2,2813,14,2,3,280,363,1338,859
60,2,2813,15,2,2,282,371,1587,539
60,2,2813,16,1,0,285,371,1525,922
60,2,2813,17,1,0,286,340,2003,1407
60,2,2813,18,2,2,294,362,1959,967
60,3,1838,1,1,0,267,191,1258,452
60,3,1838,2,1,0,269,181,1487,568
60,3,1838,3,1,0,269,183,1015,456
60,3,1838,4,2,2,273,181,1285,731
60,3,1838,5,2,2,273,179,1055,529
60,3,1838,6,1,0,276,170,1606,929
60,3,1838,7,1,0,277,175,1360,194
60,3,1838,8,1,0,278,179,964,413
60,3,1838,9,1,0,278,186,963,457
60,3,1838,10,3,3,279,175,1039,490
60,3,1838,11,1,0,280,165,920,547
60,3,1838,12,4,4,281,184,1000,584
60,3,1838,13,1,0,282,166,1124,803
60,3,1838,14,1,0,282,177,1169,569
60,3,1838,15,4,8,286,174,1161,591
60,3,1838,16,1,0,284,181,1117,639
60,4,1720,1,1,0,258,282,759,675
60,4,1720,2,1,0,259,288,762,377
60,4,1720,3,1,0,260,284,821,442
60,4,1720,4,2,2,264,279,751,671
60,4,1720,5,1,0,265,294,720,513
60,4,1720,6,1,0,270,293,713,417
60,4,1720,7,1,0,277,290,828,286
60,4,1720,8,1,0,277,292,1043,617
60,4,1720,9,2,3,285,289,822,560
60,4,1720,10,1,0,285,292,849,340
60,4,1720,11,3,4,287,291,781,428
60,4,1720,12,2,2,292,288,769,310
60,4,1720,13,1,0,293,294,862,339
60,4,1720,14,1,0,295,290,902,301
60,4,1720,15,2,3,299,298,1060,239
60,4,1720,16,3,3,300,299,1252,554
60,4,1720,17,2,2,322,327,899,504
60,5,1605,1,1,0,295,160,695,388
60,5,1605,2,1,0,297,180,776,198
60,5,1605,3,4,5,300,179,1108,527
60,5,1605,4,2,2,301,169,920,596
60,5,1605,5,1,0,305,148,703,472
60,5,1605,6,1,0,305,159,823,725
60,5,1605,7,1,0,305,173,1010,500
60,5,1605,8,2,2,309,160,769,471
60,5,1605,9,1,0,315,161,841,497
60,5,1605,10,1,0,319,167,895,282
60,5,1605,11,1,0,321,162,700,0
60,5,1605,12,2,3,331,171,866,512
60,5,1605,13,1,0,332,194,707,374
60,5,1605,14,2,2,334,172,1382,877
60,6,1667,1,1,0,330,347,680,309
60,6,1667,2,1,0,334,341,672,307
60,6,1667,3,1,0,339,339,764,444
60,6,1667,4,1,0,339,347,939,611
60,6,1667,5,2,3,341,349,755,640
60,6,1667,6,1,0,342,350,724,484
60,6,1667,7,1,0,346,354,666,569
60,6,1667,8,1,0,346,356,671,422
60,6,1667,9,1,0,352,334,704,400
60,6,1667,10,1,0,355,327,668,326
60,6,1667,11,2,2,357,309,1078,569
60,6,1667,12,1,0,358,311,994,323
60,6,1667,13,1,0,359,305,873,544
60,6,1667,14,1,0,360,312,715,467
60,6,1667,15,1,0,361,305,870,576
60,6,1667,16,1,0,363,304,713,391
60,6,1667,17,2,3,365,300,708,309
60,6,1667,18,1,0,367,291,666,303
60,6,1667,19,1,0,368,352,657,236
60,6,1667,20,1,0,369,338,665,406
60,6,1667,21,1,0,370,329,665,140
60,6,1667,22,1,0,372,337,772,244
60,6,1667,23,1,0,374,294,670,555
60,6,1667,24,1,0,380,308,678,290
60,6,1667,25,1,0,382,304,691,347
61,1,2249,1,4,6,207,315,1288,1099
61,1,2249,2,1,0,207,295,1163,914
61,1,2249,3,1,0,207,306,962,480
61,1,2249,4,2,2,211,285,1474,1347
61,1,2249,5,1,0,211,283,988,725
61,1,2249,6,1,0,213,291,1229,653
61,1,2249,7,6,7,215,281,1347,1229
61,1,2249,8,4,5,215,286,1404,989
61,1,2249,9,3,5,215,301,1275,817
61,1,2249,10,2,2,216,289,1006,435
61,1,2249,11,1,0,218,286,1202,848
61,1,2249,12,6,8,222,291,1075,778
61,1,2249,13,1,0,222,276,1042,400
61,1,2249,14,2,2,223,294,919,665
61,1,2249,15,9,11,224,280,1245,924
61,1,2249,16,2,2,224,286,954,327
61,1,2249,17,1,0,224,297,965,688
61,1,2249,18,2,2,227,306,925,699
61,1,2249,19,2,2,228,304,1922,956
61,1,2249,20,2,2,229,287,1857,1116
61,1,2249,21,1,0,234,277,1031,165
61,1,2249,22,1,0,235,281,932,461
61,1,2249,23,4,4,236,290,1097,816
61,1,2249,24,2,2,238,282,1946,976
61,1,2249,25,1,0,238,289,1109,713
61,1,2249,26,1,0,244,331,981,253
61,2,2856,1,1,0,265,364,1860,773
61,2,2856,2,3,3,267,366,1786,1265
61,2,2856,3,1,0,269,368,1396,534
61,2,2856,4,1,0,269,372,2440,953
61,2,2856,5,1,0,272,342,1757,1810
61,2,2856,6,1,0,275,362,1644,803
61,2,2856,7,5,8,277,371,1857,743
61,2,2856,8,1,0,276,340,1423,1298
61,2,2856,9,2,2,276,368,2316,1187
61,2,2856,10,1,0,277,343,1432,757
61,2,2856,11,4,5,281,364,1593,963
61,2,2856,12,2,2,282,371,1840,728
61,2,2856,13,1,0,285,371,1367,978
61,2,2856,14,1,0,286,340,1897,1324
61,2,2856,15,1,0,287,375,1823,925
61,2,2856,16,1,0,293,357,1372,1013
61,2,2856,17,1,0,294,362,2605,1093
61,3,1919,1,1,0,269,181,1442,119
61,3,1919,2,2,2,273,181,1221,496
61,3,1919,3,1,0,272,186,1217,326
61,3,1919,4,4,6,277,170,1177,494
61,3,1919,5,3,5,276,176,1126,482
61,3,1919,6,1,0,277,179,1078,106
61,3,1919,7,4,4,280,175,1153,450
61,3,1919,8,3,3,280,184,1233,529
61,3,1919,9,2,2,282,167,1226,579
61,3,1919,10,1,0,283,179,1013,323
61,3,1919,11,4,8,286,174,1263,506
61,4,1698,1,2,3,260,289,739,368
61,4,1698,2,2,3,264,287,793,397
61,4,1698,3,1,0,268,286,845,586
61,4,1698,4,2,2,276,296,730,479
61,4,1698,5,1,0,277,284,709,605
61,4,1698,6,3,3,278,292,828,722
61,4,1698,7,1,0,278,288,1024,594
61,4,1698,8,3,5,286,291,945,482
61,4,1698,9,1,0,287,288,739,373
61,4,1698,10,1,0,293,294,801,380
61,4,1698,11,1,0,295,292,756,274
61,4,1698,12,4,5,299,297,705,301
61,4,1698,13,2,2,301,299,1394,761
61,4,1698,14,1,0,309,330,759,485
61,4,1698,15,1,0,314,330,676,353
61,5,1605,1,1,0,297,154,781,474
61,5,1605,2,4,5,300,178,1092,466
61,5,1605,3,1,0,301,169,921,562
61,5,1605,4,2,2,305,174,808,279
61,5,1605,5,3,3,309,160,823,397
61,5,1605,6,2,3,309,163,812,680
61,5,1605,7,2,2,312,159,841,516
61,5,1605,8,1,0,316,162,766,221
61,5,1605,9,1,0,319,167,908,561
61,5,1605,10,4,6,331,171,965,462
61,6,1660,1,1,0,332,343,663,263
61,6,1660,2,1,0,334,350,704,306
61,6,1660,3,2,2,336,340,751,417
61,6,1660,4,1,0,338,350,734,480
61,6,1660,5,2,3,345,355,719,515
61,6,1660,6,1,0,346,321,687,588
61,6,1660,7,2,3,347,354,919,544
61,6,1660,8,1,0,351,342,718,295
61,6,1660,9,3,3,356,309,1001,518
61,6,1660,10,1,0,358,311,1105,387
61,6,1660,11,1,0,360,330,772,441
61,6,1660,12,2,2,361,306,813,194
61,6,1660,13,1,0,364,299,707,240
61,6,1660,14,1,0,364,302,663,429
61,6,1660,15,1,0,368,352,958,464
61,6,1660,16,1,0,369,326,649,479
61,6,1660,17,1,0,370,338,703,618
61,6,1660,18,1,0,376,289,745,341
61,6,1660,19,1,0,376,299,769,537
61,6,1660,20,2,2,381,305,920,362
61,6,1660,21,1,0,382,300,677,525
62,1,2253,1,3,5,207,315,1123,964
62,1,2253,2,1,0,208,295,1013,796
62,1,2253,3,1,0,209,310,954,554
62,1,2253,4,2,2,211,286,1575,1266
62,1,2253,5,1,0,210,293,1021,909
62,1,2253,6,2,3,212,300,953,972
62,1,2253,7,1,0,212,310,955,188
62,1,2253,8,1,0,212,326,1105,272
62,1,2253,9,1,0,213,290,1241,585
62,1,2253,10,1,0,213,292,1185,730
62,1,2253,11,2,2,214,274,1863,861
62,1,2253,12,5,5,215,281,1553,1181
62,1,2253,13,8,16,216,287,1194,718
62,1,2253,14,2,2,215,302,1050,951
62,1,2253,15,1,0,216,267,1039,216
62,1,2253,16,1,0,218,263,1076,611
62,1,2253,17,1,0,219,278,1015,678
62,1,2253,18,2,2,223,276,1831,686
62,1,2253,19,2,2,222,291,1392,924
62,1,2253,20,1,0,222,294,1615,599
62,1,2253,21,5,7,224,280,1428,947
62,1,2253,22,1,0,226,306,1267,1072
62,1,2253,23,1,0,228,285,1098,475
62,1,2253,24,2,2,229,287,1970,1201
62,1,2253,25,1,0,228,303,1245,580
62,1,2253,26,2,2,230,273,1112,832
62,1,2253,27,1,0,233,285,953,333
62,1,2253,28,1,0,233,287,964,563
62,1,2253,29,1,0,234,281,1391,878
62,1,2253,30,2,2,235,289,1360,928
62,1,2253,31,1,0,234,292,1208,535
62,1,2253,32,1,0,236,287,1028,1007
62,1,2253,33,2,2,238,284,1724,1235
62,1,2253,34,2,2,238,289,988,812
62,1,2253,35,1,0,247,334,954,417
62,2,2772,1,1,0,264,351,1313,438
62,2,2772,2,1,0,265,364,1738,852
62,2,2772,3,4,5,267,367,1460,1078
62,2,2772,4,1,0,268,352,1501,855
62,2,2772,5,1,0,269,368,1379,575
62,2,2772,6,1,0,269,372,2353,950
62,2,2772,7,1,0,272,342,1501,1239
62,2,2772,8,3,4,275,367,1993,1101
62,2,2772,9,1,0,275,370,1369,805
62,2,2772,10,1,0,277,364,1318,476
62,2,2772,11,1,0,277,371,2608,1347
62,2,2772,12,1,0,277,373,1323,930
62,2,2772,13,1,0,280,362,1976,1308
62,2,2772,14,3,5,281,364,1546,1203
62,2,2772,15,2,2,282,372,1466,843
62,2,2772,16,1,0,284,340,1448,556
62,2,2772,17,1,0,285,371,1696,1284
62,2,2772,18,1,0,287,340,1543,963
62,2,2772,19,1,0,287,375,1724,990
62,2,2772,20,1,0,293,357,1468,573
62,2,2772,21,1,0,294,362,1831,1160
62,3,1860,1,1,0,269,181,1228,325
62,3,1860,2,1,0,272,178,1016,739
62,3,1860,3,2,3,273,181,1235,341
62,3,1860,4,2,3,275,177,1301,394
62,3,1860,5,2,2,276,170,1154,690
62,3,1860,6,1,0,275,174,932,263
62,3,1860,7,5,10,280,175,1048,376
62,3,1860,8,2,2,279,179,1056,536
62,3,1860,9,3,3,280,183,1412,619
62,3,1860,10,2,3,282,167,1117,378
62,3,1860,11,5,8,285,173,1167,558
62,4,1674,1,1,0,260,285,820,611
62,4,1674,2,2,2,261,289,678,743
62,4,1674,3,1,0,262,292,706,417
62,4,1674,4,3,3,264,290,684,490
62,4,1674,5,2,2,264,281,892,831
62,4,1674,6,1,0,265,286,673,809
62,4,1674,7,1,0,267,279,802,501
62,4,1674,8,1,0,272,295,695,633
62,4,1674,9,3,3,277,292,831,664
62,4,1674,10,1,0,283,292,686,1038
62,4,1674,11,1,0,287,285,681,368
62,4,1674,12,1,0,289,290,717,181
62,4,1674,13,1,0,291,288,689,393
62,4,1674,14,1,0,298,298,846,177
62,4,1674,15,1,0,300,296,720,294
62,4,1674,16,2,2,301,299,971,619
62,4,1674,17,1,0,309,310,679,214
62,4,1674,18,1,0,317,328,795,345
62,4,1674,19,1,0,319,325,701,314
62,4,1674,20,1,0,319,330,684,217
62,5,1574,1,1,0,294,165,976,615
62,5,1574,2,1,0,299,150,778,380
62,5,1574,3,4,4,300,179,1308,463
62,5,1574,4,2,2,305,159,731,424
62,5,1574,5,1,0,305,173,867,506
62,5,1574,6,1,0,307,164,1120,195
62,5,1574,7,3,3,310,160,816,318
62,5,1574,8,1,0,312,158,711,286
62,5,1574,9,2,2,319,167,903,416
62,5,1574,10,1,0,321,166,666,302
62,5,1574,11,1,0,327,169,747,189
62,5,1574,12,2,2,332,171,1296,693
62,5,1574,13,1,0,332,194,850,428
62,6,1655,1,1,0,333,341,833,458
62,6,1655,2,1,0,335,349,817,595
62,6,1655,3,3,6,338,341,810,342
62,6,1655,4,1,0,338,346,834,615
62,6,1655,5,2,3,339,349,725,663
62,6,1655,6,1,0,338,354,699,246
62,6,1655,7,1,0,341,346,746,478
62,6,1655,8,1,0,345,337,754,342
62,6,1655,9,1,0,346,350,717,297
62,6,1655,10,2,2,346,354,666,485
62,6,1655,11,1,0,351,335,674,361
62,6,1655,12,1,0,354,330,733,0
62,6,1655,13,2,2,357,309,1118,347
62,6,1655,14,1,0,358,305,797,686
62,6,1655,15,1,0,360,329,701,551
62,6,1655,16,1,0,361,310,774,588
62,6,1655,17,1,0,362,305,709,548
62,6,1655,18,1,0,367,354,743,151
62,6,1655,19,1,0,369,311,783,25
62,6,1655,20,1,0,370,338,751,493
62,6,1655,21,1,0,372,302,756,447
62,6,1655,22,1,0,373,308,688,627
63,1,2228,1,3,3,207,316,1297,1115
63,1,2228,2,2,2,210,294,967,882
63,1,2228,3,2,2,211,285,1663,1252
63,1,2228,4,2,2,213,292,1031,777
63,1,2228,5,1,0,212,299,1154,774
63,1,2228,6,3,3,214,275,1456,706
63,1,2228,7,5,6,215,281,1299,967
63,1,2228,8,1,0,215,286,1227,1346
63,1,2228,9,3,3,216,289,1158,949
63,1,2228,10,2,2,215,302,1134,782
63,1,2228,11,1,0,216,320,920,115
63,1,2228,12,1,0,218,286,1790,526
63,1,2228,13,1,0,219,265,908,201
63,1,2228,14,2,2,222,291,1468,987
63,1,2228,15,4,6,223,294,1149,566
63,1,2228,16,1,0,223,276,1631,690
63,1,2228,17,5,7,224,280,1406,977
63,1,2228,18,1,0,225,297,1424,570
63,1,2228,19,1,0,226,274,930,562
63,1,2228,20,2,2,226,306,970,618
63,1,2228,21,3,3,229,287,1798,878
63,1,2228,22,1,0,228,302,1252,710
63,1,2228,23,1,0,229,271,962,982
63,1,2228,24,2,2,231,273,1014,771
63,1,2228,25,1,0,234,285,956,671
63,1,2228,26,3,3,234,289,1247,899
63,1,2228,27,2,2,234,292,1572,981
63,1,2228,28,2,2,238,288,1198,1013
63,1,2228,29,4,6,239,284,1122,874
63,1,2228,30,1,0,241,286,1007,728
63,2,2681,1,1,0,257,355,1260,451
63,2,2681,2,2,2,265,364,1554,514
63,2,2681,3,1,0,266,367,1585,1232
63,2,2681,4,1,0,268,365,1329,1180
63,2,2681,5,1,0,269,368,1683,663
63,2,2681,6,1,0,269,372,1925,851
63,2,2681,7,2,2,275,362,1707,819
63,2,2681,8,3,4,275,367,1862,897
63,2,2681,9,1,0,275,371,1740,499
63,2,2681,10,1,0,276,353,1239,267
63,2,2681,11,1,0,277,342,1209,528
63,2,2681,12,2,2,278,371,1986,1246
63,2,2681,13,1,0,278,363,1794,1473
63,2,2681,14,3,5,281,364,1429,1068
63,2,2681,15,1,0,281,353,1377,410
63,2,2681,16,2,3,282,372,1272,718
63,2,2681,17,1,0,285,342,1414,1020
63,2,2681,18,1,0,285,371,1402,1091
63,2,2681,19,1,0,288,375,1735,1256
63,2,2681,20,1,0,294,362,2136,987
63,3,1843,1,2,2,269,181,1406,335
63,3,1843,2,3,3,272,179,1135,150
63,3,1843,3,1,0,273,181,953,595
63,3,1843,4,2,2,276,170,1031,870
63,3,1843,5,1,0,275,176,1147,844
63,3,1843,6,4,6,279,179,1030,424
63,3,1843,7,5,6,280,174,1026,631
63,3,1843,8,5,5,280,183,1221,753
63,3,1843,9,1,0,280,199,1165,437
63,3,1843,10,2,2,286,173,1210,618
63,4,1710,1,1,0,259,285,726,920
63,4,1710,2,1,0,261,274,693,411
63,4,1710,3,1,0,261,285,847,581
63,4,1710,4,1,0,262,289,693,625
63,4,1710,5,1,0,263,286,932,482
63,4,1710,6,1,0,265,282,799,455
63,4,1710,7,1,0,265,292,775,395
63,4,1710,8,1,0,267,279,715,296
63,4,1710,9,1,0,267,285,780,743
63,4,1710,10,1,0,269,290,702,561
63,4,1710,11,1,0,270,295,703,126
63,4,1710,12,1,0,272,292,856,529
63,4,1710,13,1,0,275,284,728,437
63,4,1710,14,2,3,278,294,742,485
63,4,1710,15,1,0,278,288,730,461
63,4,1710,16,2,2,287,291,859,550
63,4,1710,17,1,0,286,294,741,534
63,4,1710,18,1,0,290,293,722,507
63,4,1710,19,1,0,293,294,758,227
63,4,1710,20,2,3,299,298,840,384
63,4,1710,21,1,0,298,300,761,245
63,4,1710,22,2,2,301,299,1334,860
63,4,1710,23,1,0,303,300,693,466
63,4,1710,24,1,0,312,329,791,468
63,5,1542,1,3,3,299,178,1187,666
63,5,1542,2,1,0,300,176,644,197
63,5,1542,3,1,0,301,157,722,594
63,5,1542,4,3,3,305,159,657,309
63,5,1542,5,2,2,305,174,794,384
63,5,1542,6,3,4,307,163,833,461
63,5,1542,7,1,0,311,156,759,326
63,5,1542,8,1,0,315,161,743,348
63,5,1542,9,2,2,319,167,872,506
63,5,1542,10,1,0,319,165,794,200
63,5,1542,11,1,0,321,165,675,419
63,5,1542,12,2,2,332,171,1222,830
63,6,1619,1,1,0,332,344,797,492
63,6,1619,2,2,2,338,346,664,327
63,6,1619,3,1,0,338,340,633,16
63,6,1619,4,1,0,338,354,647,393
63,6,1619,5,1,0,340,350,705,941
63,6,1619,6,2,2,342,352,643,240
63,6,1619,7,1,0,347,353,794,462
63,6,1619,8,1,0,349,317,619,129
63,6,1619,9,1,0,352,332,758,43
63,6,1619,10,1,0,353,330,638,533
63,6,1619,11,1,0,355,307,720,438
63,6,1619,12,2,2,357,309,970,601
63,6,1619,13,2,2,358,305,714,333
63,6,1619,14,2,2,361,306,791,362
63,6,1619,15,1,0,362,302,612,487
63,6,1619,16,1,0,364,311,658,4
63,6,1619,17,1,0,365,354,820,75
63,6,1619,18,1,0,370,338,991,550
63,6,1619,19,1,0,373,295,607,437
63,6,1619,20,1,0,380,306,785,517
63,6,1619,21,1,0,381,293,717,267
63,6,1619,22,1,0,381,313,695,570
63,6,1619,23,1,0,382,301,606,230
64,1,2192,1,1,0,201,310,984,816
64,1,2192,2,1,0,205,306,986,326
64,1,2192,3,2,2,207,316,1477,905
64,1,2192,4,3,3,210,285,1288,1062
64,1,2192,5,2,2,211,300,1059,460
64,1,2192,6,1,0,212,287,991,442
64,1,2192,7,4,5,214,281,1247,1055
64,1,2192,8,1,0,213,290,1029,747
64,1,2192,9,3,3,215,275,1678,779
64,1,2192,10,1,0,215,286,1978,1183
64,1,2192,11,3,3,216,289,1498,744
64,1,2192,12,4,4,216,301,1046,673
64,1,2192,13,1,0,219,278,904,873
64,1,2192,14,3,5,221,291,1316,886
64,1,2192,15,1,0,222,276,1619,866
64,1,2192,16,7,10,224,280,1535,1064
64,1,2192,17,1,0,222,294,1068,1111
64,1,2192,18,1,0,225,297,1148,687
64,1,2192,19,1,0,226,305,994,1118
64,1,2192,20,2,2,227,285,983,283
64,1,2192,21,1,0,227,289,954,535
64,1,2192,22,3,3,229,287,1597,791
64,1,2192,23,1,0,228,302,1182,567
64,1,2192,24,1,0,229,271,943,702
64,1,2192,25,1,0,229,273,952,708
64,1,2192,26,2,2,234,291,1762,1018
64,1,2192,27,1,0,234,280,919,628
64,1,2192,28,1,0,234,285,889,548
64,1,2192,29,3,5,235,289,1271,949
64,1,2192,30,1,0,236,286,1140,959
64,1,2192,31,2,2,238,289,1261,929
64,1,2192,32,1,0,240,286,1631,915
64,2,2794,1,1,0,250,349,1772,1239
64,2,2794,2,1,0,263,371,1667,736
64,2,2794,3,1,0,265,364,1912,1030
64,2,2794,4,3,3,267,367,1585,741
64,2,2794,5,1,0,269,368,1705,623
64,2,2794,6,1,0,269,372,2223,1000
64,2,2794,7,3,4,275,367,1928,966
64,2,2794,8,1,0,275,362,2101,788
64,2,2794,9,1,0,275,371,1800,608
64,2,2794,10,2,2,277,371,2042,802
64,2,2794,11,4,7,280,364,1560,1024
64,2,2794,12,1,0,281,353,1331,654
64,2,2794,13,1,0,281,372,1337,482
64,2,2794,14,2,2,284,341,1437,775
64,2,2794,15,1,0,285,371,2043,638
64,2,2794,16,1,0,288,375,1541,1723
64,2,2794,17,2,2,295,362,1732,897
64,2,2794,18,1,0,302,369,1335,320
64,3,1874,1,1,0,249,173,1014,349
64,3,1874,2,2,2,269,181,1167,423
64,3,1874,3,2,3,273,179,1072,253
64,3,1874,4,1,0,273,182,1012,626
64,3,1874,5,2,2,275,171,1131,614
64,3,1874,6,1,0,275,176,1501,512
64,3,1874,7,1,0,278,169,994,824
64,3,1874,8,4,5,280,174,1180,473
64,3,1874,9,2,2,280,179,1082,118
64,3,1874,10,4,5,280,184,1383,795
64,3,1874,11,1,0,281,168,1061,649
64,3,1874,12,2,2,284,180,1098,657
64,3,1874,13,2,2,286,173,1169,589
64,3,1874,14,1,0,287,175,1119,664
64,4,1693,1,1,0,259,283,784,565
64,4,1693,2,1,0,259,288,807,324
64,4,1693,3,1,0,260,285,713,709
64,4,1693,4,1,0,261,276,700,433
64,4,1693,5,1,0,261,282,732,451
64,4,1693,6,1,0,263,282,672,509
64,4,1693,7,1,0,264,292,679,663
64,4,1693,8,1,0,265,285,743,644
64,4,1693,9,1,0,267,278,695,249
64,4,1693,10,1,0,272,295,842,703
64,4,1693,11,1,0,275,302,671,180
64,4,1693,12,1,0,276,283,752,535
64,4,1693,13,4,6,277,293,767,608
64,4,1693,14,1,0,282,292,903,345
64,4,1693,15,2,2,286,289,710,630
64,4,1693,16,1,0,286,291,771,349
64,4,1693,17,2,2,291,288,767,430
64,4,1693,18,1,0,298,294,706,605
64,4,1693,19,2,2,301,299,1373,625
64,4,1693,20,1,0,316,302,974,367
64,4,1693,21,1,0,320,329,702,242
64,5,1545,1,2,3,295,165,816,503
64,5,1545,2,1,0,296,154,756,355
64,5,1545,3,1,0,296,179,703,280
64,5,1545,4,4,5,299,178,1322,481
64,5,1545,5,1,0,301,158,786,453
64,5,1545,6,1,0,304,158,653,255
64,5,1545,7,2,3,306,153,699,293
64,5,1545,8,1,0,305,173,722,358
64,5,1545,9,2,3,308,164,813,444
64,5,1545,10,1,0,309,160,689,471
64,5,1545,11,1,0,310,201,652,139
64,5,1545,12,1,0,311,155,888,284
64,5,1545,13,1,0,315,161,973,188
64,5,1545,14,2,2,331,171,1160,660
64,6,1644,1,2,3,334,349,764,497
64,6,1644,2,2,2,336,340,878,602
64,6,1644,3,1,0,338,339,788,53
64,6,1644,4,1,0,338,345,807,676
64,6,1644,5,2,2,340,340,712,423
64,6,1644,6,1,0,340,347,808,651
64,6,1644,7,2,2,341,350,712,563
64,6,1644,8,1,0,342,327,634,230
64,6,1644,9,1,0,342,354,751,678
64,6,1644,10,1,0,346,351,757,460
64,6,1644,11,1,0,346,354,824,545
64,6,1644,12,1,0,349,336,770,480
64,6,1644,13,1,0,353,342,846,313
64,6,1644,14,2,2,358,312,708,335
64,6,1644,15,2,2,359,305,875,577
64,6,1644,16,1,0,361,306,950,525
64,6,1644,17,1,0,366,304,661,208
64,6,1644,18,1,0,369,303,807,696
64,6,1644,19,2,2,370,338,841,286
64,6,1644,20,1,0,376,298,666,301
64,6,1644,21,1,0,379,306,653,42
65,1,2191,1,2,2,204,315,944,593
65,1,2191,2,4,4,207,315,1274,761
65,1,2191,3,1,0,206,323,886,652
65,1,2191,4,1,0,209,305,1137,685
65,1,2191,5,1,0,210,283,1049,806
65,1,2191,6,2,2,211,285,1482,949
65,1,2191,7,1,0,212,281,1198,519
65,1,2191,8,3,5,214,287,1400,902
65,1,2191,9,1,0,213,292,894,557
65,1,2191,10,4,4,215,275,1213,619
65,1,2191,11,2,3,215,282,1351,1029
65,1,2191,12,4,5,215,289,1013,756
65,1,2191,13,1,0,215,300,1140,930
65,1,2191,14,1,0,219,267,872,540
65,1,2191,15,2,2,222,291,1374,1070
65,1,2191,16,2,2,222,276,979,864
65,1,2191,17,6,10,224,280,1544,1075
65,1,2191,18,2,2,222,295,1291,901
65,1,2191,19,1,0,224,293,1066,755
65,1,2191,20,1,0,225,298,1244,499
65,1,2191,21,1,0,226,305,1193,838
65,1,2191,22,2,2,227,285,1016,493
65,1,2191,23,2,2,229,287,1683,816
65,1,2191,24,2,2,229,273,1240,815
65,1,2191,25,1,0,230,268,1191,522
65,1,2191,26,1,0,233,281,1019,616
65,1,2191,27,6,10,234,290,1335,856
65,1,2191,28,1,0,235,279,931,594
65,1,2191,29,1,0,236,286,1096,1003
65,1,2191,30,2,2,238,288,1020,808
65,1,2191,31,1,0,240,286,1314,958
65,2,2774,1,1,0,265,364,1783,995
65,2,2774,2,2,3,268,366,1392,674
65,2,2774,3,1,0,269,368,1506,802
65,2,2774,4,1,0,270,372,1789,652
65,2,2774,5,3,4,275,367,1903,976
65,2,2774,6,2,2,275,371,1610,1057
65,2,2774,7,1,0,275,362,2539,933
65,2,2774,8,1,0,275,373,1442,1217
65,2,2774,9,2,2,277,345,1661,765
65,2,2774,10,1,0,277,364,1341,266
65,2,2774,11,2,2,277,371,2256,1193
65,2,2774,12,2,3,280,364,1531,1306
65,2,2774,13,2,2,281,371,1650,1021
65,2,2774,14,1,0,282,364,1309,868
65,2,2774,15,2,2,284,342,1707,1225
65,2,2774,16,1,0,288,375,1670,825
65,2,2774,17,3,3,294,362,1740,734
65,3,1854,1,1,0,269,181,1366,555
65,3,1854,2,3,3,272,178,1121,221
65,3,1854,3,2,2,275,170,1362,568
65,3,1854,4,1,0,275,176,1245,774
65,3,1854,5,1,0,278,169,974,464
65,3,1854,6,1,0,279,175,1037,608
65,3,1854,7,2,2,280,179,1180,522
65,3,1854,8,1,0,280,173,975,721
65,3,1854,9,4,5,280,184,1156,651
65,3,1854,10,1,0,280,198,1135,406
65,3,1854,11,1,0,281,167,945,565
65,3,1854,12,1,0,281,175,1154,737
65,3,1854,13,4,7,285,173,1026,545
65,3,1854,14,2,2,285,179,1217,418
65,3,1854,15,1,0,287,175,1576,589
65,4,1706,1,4,4,260,285,764,511
65,4,1706,2,1,0,263,286,747,592
65,4,1706,3,1,0,264,292,716,720
65,4,1706,4,3,5,266,286,786,574
65,4,1706,5,1,0,268,284,739,438
65,4,1706,6,1,0,276,284,756,498
65,4,1706,7,5,8,278,294,869,748
65,4,1706,8,3,3,282,291,837,467
65,4,1706,9,1,0,291,316,693,6
65,4,1706,10,1,0,298,302,797,231
65,4,1706,11,1,0,299,296,766,583
65,4,1706,12,3,4,300,299,1024,448
65,4,1706,13,1,0,312,330,883,440
65,4,1706,14,1,0,318,327,769,454
65,5,1558,1,1,0,294,165,973,725
65,5,1558,2,1,0,296,160,746,5
65,5,1558,3,1,0,296,179,688,172
65,5,1558,4,4,4,299,178,1414,517
65,5,1558,5,1,0,301,179,700,0
65,5,1558,6,2,2,305,174,959,382
65,5,1558,7,5,10,308,162,968,442
65,5,1558,8,2,2,312,159,738,342
65,5,1558,9,1,0,316,158,688,316
65,5,1558,10,1,0,318,167,1266,714
65,5,1558,11,1,0,331,171,2186,1237
65,6,1646,1,1,0,334,339,661,409
65,6,1646,2,1,0,336,351,678,334
65,6,1646,3,3,4,338,339,925,228
65,6,1646,4,1,0,338,346,651,622
65,6,1646,5,1,0,340,345,720,435
65,6,1646,6,2,2,342,351,741,492
65,6,1646,7,1,0,343,354,714,246
65,6,1646,8,1,0,345,337,713,147
65,6,1646,9,1,0,347,354,684,659
65,6,1646,10,1,0,348,346,1041,131
65,6,1646,11,1,0,354,310,912,424
65,6,1646,12,1,0,355,327,854,504
65,6,1646,13,2,3,357,309,771,512
65,6,1646,14,1,0,358,312,710,739
65,6,1646,15,3,5,360,305,891,595
65,6,1646,16,1,0,360,330,669,236
65,6,1646,17,1,0,364,341,639,285
65,6,1646,18,1,0,365,304,870,491
65,6,1646,19,1,0,365,325,652,496
65,6,1646,20,1,0,366,333,638,345
65,6,1646,21,1,0,370,338,929,393
65,6,1646,22,1,0,373,302,840,414
66,1,2175,1,1,0,203,315,1008,612
66,1,2175,2,1,0,204,287,1117,372
66,1,2175,3,3,5,210,286,1459,897
66,1,2175,4,3,3,213,290,961,735
66,1,2175,5,2,2,215,275,1108,491
66,1,2175,6,2,2,214,282,1402,992
66,1,2175,7,3,3,215,287,1219,1023
66,1,2175,8,3,3,215,300,1223,595
66,1,2175,9,1,0,215,308,1156,291
66,1,2175,10,1,0,216,289,901,830
66,1,2175,11,1,0,219,278,1388,977
66,1,2175,12,3,4,221,291,1081,856
66,1,2175,13,2,2,223,276,2119,869
66,1,2175,14,7,8,223,280,1479,982
66,1,2175,15,1,0,222,294,1685,785
66,1,2175,16,1,0,224,293,1112,554
66,1,2175,17,3,3,225,297,1021,803
66,1,2175,18,1,0,225,289,1142,427
66,1,2175,19,1,0,227,271,917,858
66,1,2175,20,1,0,227,284,1080,500
66,1,2175,21,3,4,228,287,1268,662
66,1,2175,22,1,0,228,295,982,707
66,1,2175,23,1,0,229,271,1156,952
66,1,2175,24,3,3,234,281,1026,688
66,1,2175,25,6,10,234,290,1521,948
66,1,2175,26,2,2,236,287,1012,787
66,1,2175,27,2,3,238,289,1092,988
66,1,2175,28,1,0,238,291,1083,100
66,1,2175,29,1,0,240,283,1242,819
66,2,2852,1,1,0,248,349,1520,642
66,2,2852,2,1,0,263,371,1778,934
66,2,2852,3,1,0,265,364,2592,1050
66,2,2852,4,2,3,268,367,1530,772
66,2,2852,5,1,0,271,372,1791,659
66,2,2852,6,2,2,275,362,1551,981
66,2,2852,7,1,0,274,367,1863,699
66,2,2852,8,2,2,275,371,1561,853
66,2,2852,9,2,2,277,344,1649,357
66,2,2852,10,1,0,276,367,2606,1319
66,2,2852,11,1,0,277,371,2606,1243
66,2,2852,12,1,0,278,374,1541,980
66,2,2852,13,2,3,280,363,1695,965
66,2,2852,14,3,3,281,371,1612,743
66,2,2852,15,1,0,282,364,1456,779
66,2,2852,16,1,0,283,371,1398,345
66,2,2852,17,2,2,284,342,1632,1056
66,2,2852,18,1,0,286,343,1491,432
66,2,2852,19,2,2,295,362,2247,1010
66,3,1869,1,2,2,269,181,1022,375
66,3,1869,2,3,3,273,178,1156,465
66,3,1869,3,1,0,273,181,1016,322
66,3,1869,4,2,2,276,170,1316,696
66,3,1869,5,1,0,275,176,967,182
66,3,1869,6,1,0,277,175,1067,575
66,3,1869,7,2,2,278,179,1138,515
66,3,1869,8,1,0,278,169,976,683
66,3,1869,9,1,0,279,176,1215,308
66,3,1869,10,6,7,280,184,1062,535
66,3,1869,11,2,2,281,174,1132,596
66,3,1869,12,1,0,283,172,950,671
66,3,1869,13,1,0,284,179,953,663
66,3,1869,14,1,0,285,174,1218,318
66,3,1869,15,1,0,287,173,1311,620
66,4,1682,1,1,0,257,285,668,559
66,4,1682,2,1,0,261,285,670,516
66,4,1682,3,1,0,263,278,814,239
66,4,1682,4,1,0,263,291,664,566
66,4,1682,5,1,0,264,276,792,686
66,4,1682,6,1,0,264,293,729,594
66,4,1682,7,1,0,266,285,719,438
66,4,1682,8,1,0,268,285,693,551
66,4,1682,9,1,0,271,296,789,498
66,4,1682,10,2,2,277,284,785,544
66,4,1682,11,6,6,277,293,862,517
66,4,1682,12,1,0,287,290,700,623
66,4,1682,13,1,0,295,292,817,729
66,4,1682,14,1,0,298,298,958,273
66,4,1682,15,4,7,302,299,971,450
66,4,1682,16,1,0,306,318,743,93
66,4,1682,17,1,0,307,308,788,498
66,4,1682,18,1,0,309,298,1065,178
66,5,1601,1,1,0,294,162,910,213
66,5,1601,2,1,0,296,176,766,340
66,5,1601,3,5,5,299,177,1192,439
66,5,1601,4,1,0,301,169,996,131
66,5,1601,5,1,0,305,158,838,203
66,5,1601,6,1,0,305,173,1129,439
66,5,1601,7,1,0,309,162,983,410
66,5,1601,8,2,3,312,156,779,265
66,5,1601,9,1,0,315,161,917,300
66,5,1601,10,1,0,318,167,1325,378
66,5,1601,11,1,0,322,162,692,483
66,5,1601,12,2,2,332,171,1380,763
66,5,1601,13,1,0,334,193,702,92
66,5,1601,14,1,0,347,179,808,223
66,5,1601,15,1,0,348,183,753,189
66,6,1674,1,1,0,331,348,661,432
66,6,1674,2,2,3,338,340,1045,361
66,6,1674,3,1,0,339,345,661,593
66,6,1674,4,1,0,339,349,682,588
66,6,1674,5,1,0,340,340,724,480
66,6,1674,6,1,0,342,328,808,574
66,6,1674,7,1,0,342,350,943,465
66,6,1674,8,1,0,347,357,720,267
66,6,1674,9,4,6,356,309,714,398
66,6,1674,10,1,0,355,327,838,464
66,6,1674,11,1,0,357,305,689,164
66,6,1674,12,1,0,357,330,707,113
66,6,1674,13,4,5,361,306,952,208
66,6,1674,14,1,0,363,303,682,348
66,6,1674,15,1,0,363,313,681,361
66,6,1674,16,1,0,365,339,670,196
66,6,1674,17,1,0,370,338,984,304
66,6,1674,18,1,0,375,302,707,10
66,6,1674,19,1,0,379,290,730,61
66,6,1674,20,1,0,379,315,674,120
66,6,1674,21,1,0,381,308,704,165
67,1,2180,1,2,2,208,297,1053,570
67,1,2180,2,2,2,210,285,1808,1066
67,1,2180,3,1,0,211,287,981,943
67,1,2180,4,1,0,213,290,929,796
67,1,2180,5,5,7,214,281,1251,940
67,1,2180,6,1,0,215,278,951,450
67,1,2180,7,3,3,215,286,1310,987
67,1,2180,8,2,2,215,301,1141,865
67,1,2180,9,1,0,215,308,942,1010
67,1,2180,10,1,0,219,267,919,684
67,1,2180,11,1,0,219,333,877,567
67,1,2180,12,2,2,221,292,1161,997
67,1,2180,13,2,2,223,276,2152,1343
67,1,2180,14,6,8,224,280,1546,942
67,1,2180,15,1,0,222,287,1053,399
67,1,2180,16,1,0,222,294,1761,718
67,1,2180,17,1,0,225,297,1076,915
67,1,2180,18,1,0,226,290,1069,471
67,1,2180,19,1,0,227,276,913,401
67,1,2180,20,4,5,228,287,1347,894
67,1,2180,21,1,0,228,282,963,581
67,1,2180,22,1,0,228,295,1061,573
67,1,2180,23,1,0,228,302,915,277
67,1,2180,24,2,2,229,271,1026,625
67,1,2180,25,1,0,232,285,927,645
67,1,2180,26,13,26,236,289,1225,850
67,1,2180,27,2,2,233,281,970,941
67,1,2180,28,1,0,240,284,953,927
67,2,2942,1,1,0,249,349,2606,1037
67,2,2942,2,1,0,258,355,1644,769
67,2,2942,3,1,0,263,371,1616,283
67,2,2942,4,1,0,265,364,2274,1517
67,2,2942,5,1,0,267,367,1834,1200
67,2,2942,6,1,0,269,369,2606,894
67,2,2942,7,3,3,274,362,1732,684
67,2,2942,8,1,0,274,367,1774,1019
67,2,2942,9,4,8,276,371,1652,788
67,2,2942,10,3,3,276,343,2264,867
67,2,2942,11,3,3,276,367,1777,1012
67,2,2942,12,2,3,280,363,1771,1131
67,2,2942,13,1,0,281,371,1525,746
67,2,2942,14,1,0,283,342,1566,676
67,2,2942,15,1,0,290,370,1644,1072
67,2,2942,16,2,2,295,362,2023,929
67,2,2942,17,1,0,302,369,1520,487
67,3,1812,1,1,0,269,181,1315,199
67,3,1812,2,2,2,273,179,1135,142
67,3,1812,3,2,2,274,182,1217,608
67,3,1812,4,1,0,276,170,942,863
67,3,1812,5,3,3,279,179,969,390
67,3,1812,6,5,10,281,175,1026,519
67,3,1812,7,1,0,280,164,913,555
67,3,1812,8,4,4,281,184,1182,635
67,3,1812,9,1,0,280,198,917,282
67,3,1812,10,1,0,281,168,959,601
67,3,1812,11,1,0,282,179,933,387
67,3,1812,12,1,0,284,172,1011,597
67,3,1812,13,2,2,285,179,985,463
67,3,1812,14,1,0,285,174,1326,172
67,4,1720,1,2,2,259,285,757,557
67,4,1720,2,1,0,260,282,712,369
67,4,1720,3,1,0,262,290,943,560
67,4,1720,4,1,0,263,286,758,561
67,4,1720,5,1,0,263,292,732,573
67,4,1720,6,1,0,266,283,712,314
67,4,1720,7,1,0,267,285,760,701
67,4,1720,8,1,0,269,289,707,399
67,4,1720,9,1,0,272,294,704,139
67,4,1720,10,1,0,277,285,709,478
67,4,1720,11,1,0,277,287,718,415
67,4,1720,12,4,6,278,294,928,653
67,4,1720,13,1,0,282,292,706,258
67,4,1720,14,1,0,298,296,911,383
67,4,1720,15,4,7,300,298,1014,307
67,4,1720,16,1,0,300,294,782,328
67,4,1720,17,1,0,303,300,1049,440
67,4,1720,18,1,0,314,330,730,140
67,4,1720,19,1,0,316,302,774,526
67,4,1720,20,1,0,321,327,758,142
67,5,1628,1,1,0,294,165,1094,658
67,5,1628,2,5,5,298,178,1240,476
67,5,1628,3,2,2,302,168,921,598
67,5,1628,4,2,2,305,174,876,450
67,5,1628,5,2,2,309,161,1215,524
67,5,1628,6,1,0,308,164,710,287
67,5,1628,7,1,0,310,159,752,298
67,5,1628,8,1,0,312,161,737,536
67,5,1628,9,1,0,315,161,1297,470
67,5,1628,10,1,0,318,167,1340,476
67,5,1628,11,1,0,325,169,726,164
67,5,1628,12,3,3,331,171,1115,472
67,6,1648,1,1,0,336,353,668,127
67,6,1648,2,2,2,339,339,909,280
67,6,1648,3,1,0,338,348,720,618
67,6,1648,4,2,3,341,347,680,643
67,6,1648,5,3,4,342,349,711,486
67,6,1648,6,2,2,342,351,827,549
67,6,1648,7,1,0,346,333,651,182
67,6,1648,8,1,0,353,330,745,0
67,6,1648,9,2,3,355,311,667,102
67,6,1648,10,1,0,356,308,1156,625
67,6,1648,11,1,0,357,312,713,418
67,6,1648,12,1,0,358,306,749,344
67,6,1648,13,4,4,361,306,792,484
67,6,1648,14,1,0,364,311,726,309
67,6,1648,15,1,0,365,304,802,127
67,6,1648,16,1,0,367,349,737,325
67,6,1648,17,1,0,370,338,709,699
67,6,1648,18,1,0,375,298,782,606
67,6,1648,19,1,0,378,304,676,513
68,1,2267,1,1,0,204,315,988,387
68,1,2267,2,1,0,208,314,1129,657
68,1,2267,3,3,3,210,285,1177,978
68,1,2267,4,2,2,209,296,1432,743
68,1,2267,5,1,0,210,298,1001,519
68,1,2267,6,1,0,211,288,964,839
68,1,2267,7,5,7,214,281,1423,893
68,1,2267,8,2,2,213,290,1117,627
68,1,2267,9,4,5,215,287,1344,924
68,1,2267,10,2,2,215,301,1282,801
68,1,2267,11,1,0,215,309,1016,368
68,1,2267,12,1,0,217,267,962,742
68,1,2267,13,1,0,218,288,1187,503
68,1,2267,14,1,0,218,296,992,470
68,1,2267,15,1,0,219,278,1159,697
68,1,2267,16,1,0,219,284,1062,646
68,1,2267,17,1,0,219,290,1439,778
68,1,2267,18,1,0,219,334,960,444
68,1,2267,19,2,2,222,276,2188,927
68,1,2267,20,1,0,221,291,1528,1263
68,1,2267,21,6,10,224,280,1538,916
68,1,2267,22,2,3,223,286,1225,684
68,1,2267,23,2,3,223,294,1378,915
68,1,2267,24,1,0,226,305,1034,739
68,1,2267,25,1,0,227,284,1100,455
68,1,2267,26,4,4,228,287,1367,788
68,1,2267,27,1,0,227,294,963,955
68,1,2267,28,1,0,228,272,1030,517
68,1,2267,29,1,0,230,270,1017,653
68,1,2267,30,1,0,232,290,2195,992
68,1,2267,31,1,0,232,310,1007,422
68,1,2267,32,4,6,236,290,1359,908
68,1,2267,33,2,2,237,287,1140,1230
68,1,2267,34,1,0,239,290,1020,730
68,2,2911,1,1,0,251,348,2258,793
68,2,2911,2,1,0,264,371,1636,1114
68,2,2911,3,1,0,265,364,1906,1205
68,2,2911,4,3,3,267,366,1606,772
68,2,2911,5,1,0,269,369,2181,765
68,2,2911,6,1,0,271,373,1683,893
68,2,2911,7,1,0,273,346,2130,856
68,2,2911,8,1,0,273,367,1752,684
68,2,2911,9,2,2,275,362,1804,811
68,2,2911,10,4,5,277,343,2097,614
68,2,2911,11,3,3,276,367,1587,1015
68,2,2911,12,1,0,277,353,1530,195
68,2,2911,13,1,0,277,374,1797,1083
68,2,2911,14,1,0,279,363,1732,1132
68,2,2911,15,2,2,281,371,2413,1131
68,2,2911,16,2,3,284,342,1567,663
68,2,2911,17,2,2,295,362,1880,1021
68,3,1843,1,1,0,269,181,1231,734
68,3,1843,2,2,2,273,179,1240,67
68,3,1843,3,2,2,274,182,984,726
68,3,1843,4,3,4,275,175,1017,404
68,3,1843,5,1,0,277,175,1236,327
68,3,1843,6,1,0,278,170,995,227
68,3,1843,7,3,5,279,180,1023,370
68,3,1843,8,5,5,280,184,1293,686
68,3,1843,9,3,3,281,174,1212,585
68,3,1843,10,1,0,283,172,1134,1079
68,3,1843,11,1,0,284,179,1203,456
68,3,1843,12,1,0,285,174,1459,472
68,3,1843,13,1,0,285,181,961,601
68,3,1843,14,1,0,287,174,1038,632
68,4,1711,1,1,0,259,285,739,586
68,4,1711,2,1,0,261,280,946,297
68,4,1711,3,1,0,261,289,737,696
68,4,1711,4,1,0,262,286,984,814
68,4,1711,5,2,2,264,280,736,565
68,4,1711,6,1,0,263,291,713,542
68,4,1711,7,1,0,264,287,710,482
68,4,1711,8,1,0,264,296,778,326
68,4,1711,9,1,0,265,284,983,657
68,4,1711,10,1,0,266,280,911,323
68,4,1711,11,1,0,268,286,701,843
68,4,1711,12,1,0,269,288,842,647
68,4,1711,13,1,0,273,293,760,300
68,4,1711,14,1,0,276,289,769,370
68,4,1711,15,1,0,277,293,860,438
68,4,1711,16,1,0,282,290,715,516
68,4,1711,17,1,0,283,312,772,273
68,4,1711,18,1,0,289,321,702,0
68,4,1711,19,1,0,292,303,707,341
68,4,1711,20,1,0,298,298,749,338
68,4,1711,21,3,3,300,299,1004,512
68,4,1711,22,1,0,303,300,906,428
68,4,1711,23,1,0,303,321,701,404
68,4,1711,24,1,0,320,307,721,282
68,4,1711,25,1,0,323,325,732,118
68,5,1560,1,1,0,296,154,799,257
68,5,1560,2,5,5,298,177,1093,452
68,5,1560,3,3,4,302,168,1284,699
68,5,1560,4,1,0,303,165,645,366
68,5,1560,5,1,0,304,159,809,433
68,5,1560,6,1,0,305,150,649,346
68,5,1560,7,1,0,305,173,909,676
68,5,1560,8,3,4,309,163,973,540
68,5,1560,9,1,0,309,161,924,628
68,5,1560,10,1,0,314,163,738,312
68,5,1560,11,1,0,315,161,670,455
68,5,1560,12,1,0,318,167,815,393
68,5,1560,13,1,0,331,171,1517,1073
68,6,1666,1,1,0,334,350,699,179
68,6,1666,2,1,0,338,354,684,509
68,6,1666,3,1,0,340,335,714,238
68,6,1666,4,1,0,340,346,714,336
68,6,1666,5,1,0,340,349,665,467
68,6,1666,6,1,0,344,352,668,523
68,6,1666,7,1,0,346,355,869,550
68,6,1666,8,1,0,354,311,825,0
68,6,1666,9,1,0,355,327,836,261
68,6,1666,10,3,3,357,308,854,508
68,6,1666,11,1,0,358,312,682,225
68,6,1666,12,1,0,359,328,802,359
68,6,1666,13,2,2,360,307,875,384
68,6,1666,14,1,0,360,348,654,224
68,6,1666,15,1,0,365,304,799,459
68,6,1666,16,1,0,366,324,656,302
68,6,1666,17,1,0,370,294,677,461
68,6,1666,18,1,0,370,303,688,393
68,6,1666,19,2,2,371,338,820,91
68,6,1666,20,1,0,370,343,803,94
68,6,1666,21,2,2,372,298,720,587
68,6,1666,22,1,0,372,304,681,324
68,6,1666,23,1,0,380,297,695,40
69,1,2294,1,1,0,203,290,1032,803
69,1,2294,2,1,0,204,314,992,594
69,1,2294,3,5,5,209,295,1199,928
69,1,2294,4,2,2,210,285,1545,975
69,1,2294,5,1,0,211,288,997,1034
69,1,2294,6,5,9,214,281,1455,986
69,1,2294,7,1,0,213,290,1412,850
69,1,2294,8,5,9,215,287,1307,821
69,1,2294,9,2,2,215,302,1577,1287
69,1,2294,10,1,0,219,278,1206,1206
69,1,2294,11,1,0,219,292,1098,111
69,1,2294,12,3,3,221,276,1530,812
69,1,2294,13,1,0,221,291,1118,1066
69,1,2294,14,6,10,224,280,1413,1083
69,1,2294,15,2,3,223,294,1431,843
69,1,2294,16,1,0,222,298,1069,616
69,1,2294,17,1,0,225,298,1073,734
69,1,2294,18,1,0,225,305,1000,879
69,1,2294,19,2,2,226,284,1309,825
69,1,2294,20,4,4,228,287,1266,817
69,1,2294,21,1,0,229,271,1035,991
69,1,2294,22,1,0,231,272,995,877
69,1,2294,23,3,3,231,289,1499,610
69,1,2294,24,3,3,235,289,1261,831
69,1,2294,25,5,5,237,287,1357,916
69,1,2294,26,3,3,238,290,1271,930
69,2,2866,1,1,0,251,349,2618,919
69,2,2866,2,1,0,265,364,1841,719
69,2,2866,3,2,3,268,367,1816,1186
69,2,2866,4,1,0,269,369,2476,867
69,2,2866,5,1,0,272,346,1880,319
69,2,2866,6,1,0,272,373,1451,385
69,2,2866,7,1,0,273,367,2105,964
69,2,2866,8,1,0,275,362,1590,1021
69,2,2866,9,2,2,277,343,2315,1126
69,2,2866,10,2,2,277,353,1542,354
69,2,2866,11,1,0,276,367,2231,1386
69,2,2866,12,3,5,280,363,1713,1210
69,2,2866,13,5,6,281,371,1698,1027
69,2,2866,14,2,2,284,342,1606,809
69,2,2866,15,1,0,285,371,1498,936
69,2,2866,16,1,0,290,370,1402,1421
69,2,2866,17,1,0,294,362,1736,830
69,2,2866,18,1,0,296,367,1498,487
69,3,1812,1,1,0,269,181,1246,596
69,3,1812,2,3,5,272,178,1066,271
69,3,1812,3,2,3,274,182,1059,512
69,3,1812,4,1,0,275,174,940,896
69,3,1812,5,1,0,276,170,1271,914
69,3,1812,6,2,2,278,175,1083,455
69,3,1812,7,3,5,278,179,948,419
69,3,1812,8,3,3,279,183,1243,637
69,3,1812,9,5,5,281,174,1159,485
69,3,1812,10,1,0,283,179,925,338
69,3,1812,11,3,3,285,174,1191,300
69,3,1812,12,1,0,287,174,1322,1148
69,4,1652,1,1,0,259,286,728,398
69,4,1652,2,1,0,261,288,744,430
69,4,1652,3,1,0,262,277,670,269
69,4,1652,4,1,0,263,288,829,311
69,4,1652,5,1,0,265,290,737,398
69,4,1652,6,1,0,268,289,766,479
69,4,1652,7,2,2,274,293,761,480
69,4,1652,8,1,0,273,298,663,227
69,4,1652,9,6,10,278,294,700,642
69,4,1652,10,1,0,278,284,687,687
69,4,1652,11,2,3,283,292,722,551
69,4,1652,12,1,0,282,310,640,543
69,4,1652,13,1,0,289,287,770,605
69,4,1652,14,2,2,301,299,1062,494
69,4,1652,15,1,0,308,307,708,472
69,4,1652,16,1,0,309,317,647,150
69,4,1652,17,1,0,317,327,720,832
69,4,1652,18,1,0,319,326,800,185
69,4,1652,19,1,0,323,328,655,507
69,5,1541,1,1,0,294,165,686,613
69,5,1541,2,1,0,297,169,710,488
69,5,1541,3,3,3,299,177,1411,546
69,5,1541,4,1,0,299,164,626,0
69,5,1541,5,1,0,301,147,737,261
69,5,1541,6,1,0,301,151,838,481
69,5,1541,7,1,0,301,159,629,243
69,5,1541,8,3,4,302,168,1044,615
69,5,1541,9,1,0,304,159,1062,523
69,5,1541,10,1,0,305,151,635,80
69,5,1541,11,1,0,305,173,1398,405
69,5,1541,12,1,0,309,163,871,356
69,5,1541,13,1,0,310,157,746,162
69,5,1541,14,1,0,315,161,1021,629
69,5,1541,15,1,0,330,169,623,458
69,5,1541,16,2,2,332,171,1204,701
69,6,1646,1,1,0,331,347,676,449
69,6,1646,2,1,0,337,343,645,341
69,6,1646,3,1,0,339,349,766,653
69,6,1646,4,1,0,340,338,656,24
69,6,1646,5,1,0,345,347,669,38
69,6,1646,6,1,0,347,351,713,237
69,6,1646,7,2,2,350,347,753,550
69,6,1646,8,1,0,354,311,960,30
69,6,1646,9,2,2,357,309,1105,438
69,6,1646,10,6,7,360,307,918,448
69,6,1646,11,1,0,363,300,732,410
69,6,1646,12,1,0,365,304,813,866
69,6,1646,13,1,0,366,296,735,698
69,6,1646,14,1,0,366,323,745,267
69,6,1646,15,2,2,371,338,671,299
69,6,1646,16,2,3,373,336,752,379
69,6,1646,17,1,0,375,304,667,60
69,6,1646,18,1,0,377,307,658,521
69,6,1646,19,1,0,378,298,718,389
70,1,2212,1,1,0,202,316,912,753
70,1,2212,2,5,5,209,294,1107,1035
70,1,2212,3,2,2,210,284,1265,1198
70,1,2212,4,2,2,210,288,1150,424
70,1,2212,5,6,8,214,282,1213,857
70,1,2212,6,10,12,215,288,1187,808
70,1,2212,7,1,0,215,276,1073,353
70,1,2212,8,2,2,215,302,1413,1180
70,1,2212,9,1,0,218,263,971,947
70,1,2212,10,1,0,219,277,970,820
70,1,2212,11,2,2,222,276,1317,908
70,1,2212,12,1,0,221,291,1357,955
70,1,2212,13,5,8,223,280,1544,994
70,1,2212,14,1,0,222,286,1558,1221
70,1,2212,15,1,0,222,294,1290,985
70,1,2212,16,1,0,223,274,958,400
70,1,2212,17,1,0,225,275,935,504
70,1,2212,18,1,0,226,284,1531,665
70,1,2212,19,1,0,226,289,1000,826
70,1,2212,20,2,2,228,286,1680,1107
70,1,2212,21,1,0,230,269,911,757
70,1,2212,22,3,5,231,289,1592,742
70,1,2212,23,1,0,230,308,935,333
70,1,2212,24,3,3,235,289,1529,866
70,1,2212,25,3,5,236,286,1671,845
70,1,2212,26,4,6,238,289,1347,1214
70,2,2977,1,2,2,252,348,1634,896
70,2,2977,2,1,0,265,364,1708,721
70,2,2977,3,1,0,265,371,1997,762
70,2,2977,4,3,6,268,367,1710,918
70,2,2977,5,1,0,269,369,1615,737
70,2,2977,6,1,0,271,373,1705,876
70,2,2977,7,1,0,273,367,1769,805
70,2,2977,8,1,0,275,362,2262,939
70,2,2977,9,2,2,276,344,2290,719
70,2,2977,10,2,2,276,368,2006,1139
70,2,2977,11,1,0,277,353,1557,185
70,2,2977,12,3,5,279,364,1586,1046
70,2,2977,13,1,0,278,370,1560,454
70,2,2977,14,3,3,280,372,1709,986
70,2,2977,15,2,2,284,342,2227,1308
70,2,2977,16,1,0,285,371,1674,763
70,2,2977,17,1,0,293,357,1813,749
70,2,2977,18,1,0,294,361,1742,900
70,3,1808,1,1,0,269,181,1341,414
70,3,1808,2,1,0,273,179,1345,0
70,3,1808,3,2,2,274,182,989,384
70,3,1808,4,3,5,276,175,1207,407
70,3,1808,5,1,0,276,165,1232,247
70,3,1808,6,1,0,276,170,1117,655
70,3,1808,7,3,5,279,180,1071,369
70,3,1808,8,1,0,279,175,887,187
70,3,1808,9,5,5,280,184,1304,774
70,3,1808,10,4,6,281,174,945,672
70,3,1808,11,1,0,281,168,1025,515
70,3,1808,12,1,0,283,176,1007,394
70,3,1808,13,1,0,285,174,1561,352
70,3,1808,14,1,0,287,174,1920,1272
70,4,1695,1,1,0,256,280,756,477
70,4,1695,2,1,0,261,284,836,315
70,4,1695,3,1,0,261,286,833,452
70,4,1695,4,1,0,262,290,751,424
70,4,1695,5,3,6,264,286,713,372
70,4,1695,6,1,0,264,282,698,536
70,4,1695,7,1,0,265,291,690,451
70,4,1695,8,2,2,269,287,830,662
70,4,1695,9,1,0,270,285,712,689
70,4,1695,10,1,0,270,293,695,487
70,4,1695,11,2,3,273,295,855,595
70,4,1695,12,1,0,277,292,994,675
70,4,1695,13,1,0,281,289,905,406
70,4,1695,14,1,0,284,291,691,455
70,4,1695,15,1,0,291,288,1217,499
70,4,1695,16,5,7,299,298,921,289
70,4,1695,17,1,0,303,300,915,932
70,4,1695,18,1,0,303,325,714,402
70,4,1695,19,1,0,321,307,758,0
70,5,1567,1,3,3,294,165,673,348
70,5,1567,2,1,0,297,179,706,342
70,5,1567,3,3,3,299,177,1608,694
70,5,1567,4,1,0,299,155,774,453
70,5,1567,5,2,2,302,168,1038,465
70,5,1567,6,1,0,304,159,657,250
70,5,1567,7,1,0,305,166,655,0
70,5,1567,8,1,0,307,159,1246,571
70,5,1567,9,3,5,310,163,898,272
70,5,1567,10,1,0,313,159,655,102
70,5,1567,11,2,2,316,161,768,421
70,5,1567,12,2,2,332,171,1129,625
70,6,1665,1,1,0,336,345,694,197
70,6,1665,2,1,0,337,343,782,451
70,6,1665,3,1,0,338,350,781,398
70,6,1665,4,1,0,340,349,779,681
70,6,1665,5,1,0,343,354,659,295
70,6,1665,6,1,0,346,338,770,646
70,6,1665,7,1,0,352,339,725,391
70,6,1665,8,1,0,354,311,701,0
70,6,1665,9,3,4,356,309,881,476
70,6,1665,10,1,0,358,312,783,388
70,6,1665,11,3,3,361,307,884,285
70,6,1665,12,2,2,364,297,1181,510
70,6,1665,13,1,0,364,303,679,617
70,6,1665,14,1,0,364,354,724,0
70,6,1665,15,1,0,368,328,701,7
70,6,1665,16,1,0,369,292,657,321
70,6,1665,17,1,0,370,302,1032,619
70,6,1665,18,1,0,370,338,831,200
70,6,1665,19,1,0,372,300,670,451
70,6,1665,20,1,0,372,327,731,276
70,6,1665,21,1,0,374,318,668,481
70,6,1665,22,1,0,379,319,724,273
71,1,2243,1,1,0,204,316,965,356
71,1,2243,2,4,5,208,293,1404,910
71,1,2243,3,2,2,211,283,1563,1348
71,1,2243,4,4,5,214,282,1387,1258
71,1,2243,5,6,8,215,289,1265,1031
71,1,2243,6,1,0,215,277,1155,815
71,1,2243,7,2,2,216,286,1405,1033
71,1,2243,8,3,3,215,301,1066,746
71,1,2243,9,1,0,217,265,1019,258
71,1,2243,10,1,0,219,277,1028,1142
71,1,2243,11,2,2,219,289,1005,530
71,1,2243,12,2,2,221,291,1253,806
71,1,2243,13,2,2,222,275,1121,501
71,1,2243,14,4,5,222,294,1279,750
71,1,2243,15,1,0,222,286,1316,1405
71,1,2243,16,4,6,224,279,1752,1117
71,1,2243,17,1,0,226,284,997,799
71,1,2243,18,1,0,226,289,1403,963
71,1,2243,19,1,0,226,294,1179,677
71,1,2243,20,2,2,227,287,1542,1011
71,1,2243,21,1,0,229,269,1025,701
71,1,2243,22,3,3,230,289,1411,665
71,1,2243,23,9,13,235,288,1312,1109
71,1,2243,24,2,2,238,290,1610,1179
71,1,2243,25,1,0,238,283,947,380
71,2,2952,1,2,2,252,348,2043,927
71,2,2952,2,2,2,266,364,1678,716
71,2,2952,3,1,0,265,371,2522,1117
71,2,2952,4,1,0,267,367,2597,772
71,2,2952,5,1,0,270,347,1485,659
71,2,2952,6,1,0,271,372,2039,700
71,2,2952,7,1,0,273,367,1474,873
71,2,2952,8,2,2,274,370,1487,590
71,2,2952,9,1,0,275,362,1936,919
71,2,2952,10,2,2,276,343,2067,805
71,2,2952,11,2,2,277,368,2027,1261
71,2,2952,12,1,0,276,372,1798,872
71,2,2952,13,2,2,280,364,1824,1347
71,2,2952,14,4,5,281,370,1814,947
71,2,2952,15,2,2,284,342,1794,1329
71,2,2952,16,1,0,293,357,1892,708
71,2,2952,17,1,0,293,361,2309,881
71,2,2952,18,1,0,296,370,1476,1332
71,3,1839,1,1,0,269,181,926,612
71,3,1839,2,2,3,273,179,1093,267
71,3,1839,3,1,0,273,182,1119,563
71,3,1839,4,1,0,275,176,1032,286
71,3,1839,5,1,0,276,165,912,206
71,3,1839,6,1,0,276,170,1357,815
71,3,1839,7,2,2,277,175,1102,379
71,3,1839,8,1,0,277,178,929,465
71,3,1839,9,1,0,279,169,1043,464
71,3,1839,10,3,3,279,180,1028,480
71,3,1839,11,5,5,280,184,1220,807
71,3,1839,12,1,0,281,174,1003,798
71,3,1839,13,2,2,283,172,983,489
71,3,1839,14,3,4,284,174,1093,179
71,3,1839,15,1,0,287,174,1700,872
71,4,1660,1,1,0,260,274,654,249
71,4,1660,2,1,0,260,288,723,312
71,4,1660,3,2,3,262,287,656,433
71,4,1660,4,1,0,262,281,782,507
71,4,1660,5,2,3,264,291,703,385
71,4,1660,6,1,0,264,278,685,319
71,4,1660,7,1,0,264,294,667,583
71,4,1660,8,1,0,266,291,734,530
71,4,1660,9,1,0,268,285,882,530
71,4,1660,10,1,0,270,285,852,491
71,4,1660,11,1,0,271,297,701,538
71,4,1660,12,1,0,275,284,671,763
71,4,1660,13,1,0,276,288,874,384
71,4,1660,14,2,2,277,293,821,844
71,4,1660,15,1,0,291,288,1078,449
71,4,1660,16,4,5,299,299,861,507
71,4,1660,17,1,0,300,307,688,229
71,4,1660,18,1,0,306,306,664,357
71,4,1660,19,1,0,309,300,847,601
71,4,1660,20,1,0,312,330,756,434
71,4,1660,21,1,0,313,328,747,438
71,5,1556,1,1,0,296,153,760,615
71,5,1556,2,1,0,297,155,681,214
71,5,1556,3,1,0,297,179,1285,540
71,5,1556,4,1,0,298,173,641,271
71,5,1556,5,3,3,299,177,1307,345
71,5,1556,6,1,0,299,152,651,583
71,5,1556,7,1,0,301,146,660,114
71,5,1556,8,1,0,304,160,663,79
71,5,1556,9,1,0,305,173,1143,339
71,5,1556,10,2,2,307,159,803,559
71,5,1556,11,1,0,306,167,757,123
71,5,1556,12,1,0,310,163,675,283
71,5,1556,13,1,0,312,161,758,230
71,5,1556,14,2,2,316,161,760,568
71,5,1556,15,3,3,331,171,1206,539
71,6,1673,1,1,0,338,346,888,363
71,6,1673,2,1,0,340,346,728,835
71,6,1673,3,1,0,340,348,772,452
71,6,1673,4,1,0,341,329,733,279
71,6,1673,5,3,5,344,348,703,374
71,6,1673,6,1,0,347,340,688,412
71,6,1673,7,1,0,353,312,966,184
71,6,1673,8,1,0,355,335,715,391
71,6,1673,9,2,2,356,309,798,113
71,6,1673,10,1,0,357,345,761,228
71,6,1673,11,1,0,358,312,664,62
71,6,1673,12,5,5,360,307,924,287
71,6,1673,13,2,2,364,303,755,674
71,6,1673,14,1,0,364,297,939,482
71,6,1673,15,1,0,370,338,886,71
71,6,1673,16,1,0,371,323,816,436
71,6,1673,17,1,0,373,303,743,281
71,6,1673,18,1,0,373,335,709,144
71,6,1673,19,1,0,376,299,678,503
71,6,1673,20,1,0,377,307,669,385
72,1,2246,1,1,0,199,310,966,364
72,1,2246,2,1,0,202,317,1007,642
72,1,2246,3,4,6,209,293,1121,858
72,1,2246,4,3,3,209,283,1275,1130
72,1,2246,5,5,7,214,281,1319,1090
72,1,2246,6,3,6,214,290,1307,1202
72,1,2246,7,3,3,215,286,1383,1007
72,1,2246,8,2,2,215,302,1467,1091
72,1,2246,9,1,0,216,277,1025,499
72,1,2246,10,1,0,218,277,1284,1065
72,1,2246,11,2,3,220,289,1204,1008
72,1,2246,12,2,2,222,275,1600,764
72,1,2246,13,1,0,221,291,1555,1217
72,1,2246,14,4,6,222,293,1230,722
72,1,2246,15,1,0,222,286,1560,917
72,1,2246,16,1,0,223,277,978,592
72,1,2246,17,4,5,224,280,1776,1130
72,1,2246,18,2,2,224,298,975,595
72,1,2246,19,1,0,225,305,1188,847
72,1,2246,20,1,0,226,289,1032,787
72,1,2246,21,1,0,226,294,1115,1061
72,1,2246,22,4,7,229,288,1762,1014
72,1,2246,23,1,0,227,303,1047,700
72,1,2246,24,1,0,232,270,948,666
72,1,2246,25,1,0,232,285,987,664
72,1,2246,26,1,0,232,290,1353,772
72,1,2246,27,4,4,235,286,1446,788
72,1,2246,28,2,3,235,290,1385,1063
72,1,2246,29,1,0,237,285,1071,1099
72,1,2246,30,1,0,237,290,1618,1328
72,1,2246,31,1,0,245,323,987,593
72,2,2957,1,1,0,265,364,1758,1058
72,2,2957,2,2,2,265,372,1818,1029
72,2,2957,3,2,2,268,367,1987,1268
72,2,2957,4,1,0,269,347,1907,847
72,2,2957,5,1,0,271,372,1680,698
72,2,2957,6,1,0,273,368,1562,846
72,2,2957,7,2,2,274,370,1749,739
72,2,2957,8,3,3,275,343,2036,684
72,2,2957,9,1,0,275,362,1823,1078
72,2,2957,10,1,0,276,368,2625,1933
72,2,2957,11,2,2,280,364,2357,1312
72,2,2957,12,6,7,281,370,1720,930
72,2,2957,13,2,2,284,342,1885,1275
72,2,2957,14,2,2,286,372,1604,620
72,2,2957,15,1,0,293,361,2625,1271
72,3,1784,1,1,0,269,181,1445,547
72,3,1784,2,2,2,273,179,1203,333
72,3,1784,3,1,0,273,182,1015,540
72,3,1784,4,1,0,276,170,1061,910
72,3,1784,5,2,2,277,175,1028,182
72,3,1784,6,1,0,277,164,1356,558
72,3,1784,7,2,2,277,179,929,394
72,3,1784,8,2,2,279,170,983,407
72,3,1784,9,2,2,280,180,1527,808
72,3,1784,10,4,4,280,184,1365,636
72,3,1784,11,2,2,281,174,880,670
72,3,1784,12,4,5,284,173,1289,529
72,3,1784,13,1,0,287,174,1266,669
72,4,1714,1,1,0,257,270,735,340
72,4,1714,2,1,0,262,292,773,495
72,4,1714,3,1,0,263,288,815,312
72,4,1714,4,2,2,265,279,705,513
72,4,1714,5,1,0,264,294,707,111
72,4,1714,6,1,0,267,286,762,566
72,4,1714,7,1,0,270,288,805,489
72,4,1714,8,1,0,271,296,751,385
72,4,1714,9,3,4,277,293,964,667
72,4,1714,10,1,0,282,286,840,341
72,4,1714,11,1,0,282,297,748,395
72,4,1714,12,1,0,287,305,721,255
72,4,1714,13,1,0,291,288,801,349
72,4,1714,14,2,2,299,297,1148,438
72,4,1714,15,2,2,300,299,1020,504
72,4,1714,16,1,0,301,295,728,538
72,4,1714,17,1,0,303,300,966,314
72,4,1714,18,1,0,307,313,734,417
72,4,1714,19,1,0,318,325,868,366
72,4,1714,20,2,2,319,328,815,333
72,5,1544,1,1,0,297,180,1077,381
72,5,1544,2,3,3,299,177,1086,491
72,5,1544,3,1,0,299,159,745,475
72,5,1544,4,1,0,299,166,639,151
72,5,1544,5,1,0,302,172,627,374
72,5,1544,6,1,0,304,159,738,379
72,5,1544,7,1,0,305,173,1204,514
72,5,1544,8,1,0,307,159,1372,824
72,5,1544,9,1,0,309,162,1265,367
72,5,1544,10,1,0,315,157,650,556
72,5,1544,11,3,3,317,160,644,235
72,5,1544,12,1,0,322,162,684,304
72,5,1544,13,1,0,324,170,713,0
72,5,1544,14,1,0,330,169,725,483
72,5,1544,15,3,4,331,171,1111,670
72,5,1544,16,1,0,335,171,693,159
72,6,1636,1,1,0,332,344,624,468
72,6,1636,2,1,0,338,334,659,274
72,6,1636,3,1,0,339,345,632,415
72,6,1636,4,1,0,340,335,664,0
72,6,1636,5,2,2,344,349,761,235
72,6,1636,6,1,0,354,337,698,128
72,6,1636,7,1,0,355,327,925,420
72,6,1636,8,1,0,356,309,1048,419
72,6,1636,9,1,0,358,303,700,446
72,6,1636,10,1,0,358,307,843,444
72,6,1636,11,1,0,358,311,764,656
72,6,1636,12,1,0,358,344,756,174
72,6,1636,13,2,3,361,307,794,388
72,6,1636,14,2,2,363,298,1007,324
72,6,1636,15,1,0,364,324,692,235
72,6,1636,16,1,0,367,326,667,284
72,6,1636,17,2,3,370,303,668,715
72,6,1636,18,1,0,371,311,624,502
72,6,1636,19,1,0,371,338,661,395
72,6,1636,20,1,0,373,312,672,238
72,6,1636,21,1,0,377,300,679,444
72,6,1636,22,1,0,377,307,649,301
72,6,1636,23,1,0,378,295,679,527
72,6,1636,24,1,0,379,298,663,262
72,6,1636,25,1,0,382,301,670,303
73,1,2230,1,3,5,209,293,1042,709
73,1,2230,2,2,2,209,312,1249,760
73,1,2230,3,2,2,210,283,1717,1322
73,1,2230,4,8,8,214,281,1280,894
73,1,2230,5,6,10,214,291,1116,792
73,1,2230,6,2,2,215,301,1538,991
73,1,2230,7,1,0,215,277,1065,541
73,1,2230,8,2,2,216,286,1640,1104
73,1,2230,9,1,0,215,309,990,361
73,1,2230,10,6,8,220,289,1119,839
73,1,2230,11,2,2,222,294,1281,637
73,1,2230,12,2,2,224,275,1430,731
73,1,2230,13,1,0,223,281,2609,1455
73,1,2230,14,1,0,223,292,1229,385
73,1,2230,15,3,3,224,278,1388,924
73,1,2230,16,1,0,226,305,1380,1108
73,1,2230,17,1,0,228,274,1182,825
73,1,2230,18,4,5,229,288,1564,837
73,1,2230,19,1,0,228,311,1078,324
73,1,2230,20,1,0,231,284,937,604
73,1,2230,21,2,2,232,290,1079,680
73,1,2230,22,4,5,234,286,1419,984
73,1,2230,23,2,3,235,290,1155,953
73,1,2230,24,1,0,236,281,994,661
73,1,2230,25,1,0,236,288,939,597
73,1,2230,26,1,0,237,290,2362,1247
73,2,2894,1,1,0,252,346,1792,1635
73,2,2894,2,1,0,264,351,1544,314
73,2,2894,3,1,0,265,364,1898,968
73,2,2894,4,1,0,267,367,1642,940
73,2,2894,5,1,0,271,372,1756,603
73,2,2894,6,1,0,274,370,1723,1104
73,2,2894,7,1,0,275,362,1929,1313
73,2,2894,8,1,0,276,343,1578,930
73,2,2894,9,1,0,276,368,1556,1323
73,2,2894,10,1,0,277,353,1569,434
73,2,2894,11,1,0,277,373,2040,887
73,2,2894,12,3,4,279,364,1617,1321
73,2,2894,13,1,0,278,371,2167,824
73,2,2894,14,1,0,280,362,2055,1206
73,2,2894,15,6,9,282,371,1773,960
73,2,2894,16,2,2,284,342,1925,1004
73,2,2894,17,1,0,287,343,1717,895
73,2,2894,18,1,0,293,357,1951,392
73,2,2894,19,2,2,293,362,1961,1326
73,3,1866,1,1,0,269,181,1207,572
73,3,1866,2,4,6,273,178,1046,333
73,3,1866,3,1,0,274,181,965,588
73,3,1866,4,1,0,276,170,1052,506
73,3,1866,5,2,3,277,175,1199,634
73,3,1866,6,1,0,277,179,1275,594
73,3,1866,7,1,0,278,170,1254,639
73,3,1866,8,2,3,280,180,1017,642
73,3,1866,9,1,0,280,174,1345,445
73,3,1866,10,4,5,281,184,1362,622
73,3,1866,11,1,0,281,165,984,431
73,3,1866,12,1,0,281,168,990,240
73,3,1866,13,3,3,283,171,1314,510
73,3,1866,14,2,2,286,174,1024,498
73,4,1703,1,1,0,260,281,708,381
73,4,1703,2,1,0,260,284,951,437
73,4,1703,3,1,0,260,291,838,74
73,4,1703,4,1,0,262,288,783,257
73,4,1703,5,1,0,263,291,790,372
73,4,1703,6,1,0,264,293,876,737
73,4,1703,7,1,0,265,291,805,528
73,4,1703,8,7,13,268,287,780,548
73,4,1703,9,1,0,270,293,695,526
73,4,1703,10,1,0,277,287,804,629
73,4,1703,11,2,2,277,293,917,854
73,4,1703,12,1,0,298,297,1088,427
73,4,1703,13,4,5,300,299,845,377
73,4,1703,14,1,0,304,306,883,326
73,4,1703,15,2,2,315,327,800,250
73,4,1703,16,1,0,324,321,775,127
73,5,1590,1,2,2,295,164,748,238
73,5,1590,2,1,0,297,165,814,263
73,5,1590,3,1,0,297,180,760,331
73,5,1590,4,4,5,299,177,1117,411
73,5,1590,5,1,0,304,159,887,506
73,5,1590,6,1,0,305,173,721,638
73,5,1590,7,1,0,306,152,691,312
73,5,1590,8,3,3,307,159,1139,558
73,5,1590,9,1,0,309,162,1009,449
73,5,1590,10,1,0,313,163,676,293
73,5,1590,11,2,2,316,161,1082,355
73,5,1590,12,2,2,332,172,985,547
73,5,1590,13,1,0,333,176,681,50
73,6,1646,1,1,0,334,349,779,362
73,6,1646,2,1,0,336,335,669,459
73,6,1646,3,2,3,339,342,812,328
73,6,1646,4,2,2,340,335,962,416
73,6,1646,5,1,0,340,339,703,635
73,6,1646,6,1,0,340,348,659,824
73,6,1646,7,2,3,344,347,720,263
73,6,1646,8,1,0,347,336,817,505
73,6,1646,9,1,0,351,320,636,371
73,6,1646,10,1,0,356,309,653,523
73,6,1646,11,2,2,358,312,816,881
73,6,1646,12,4,5,360,307,807,461
73,6,1646,13,2,2,364,304,650,426
73,6,1646,14,1,0,364,299,638,298
73,6,1646,15,1,0,370,338,875,372
73,6,1646,16,1,0,375,304,647,308
73,6,1646,17,1,0,379,315,664,253
73,6,1646,18,1,0,380,297,685,483
73,6,1646,19,1,0,381,300,674,270
73,6,1646,20,1,0,381,303,748,170
74,1,2254,1,1,0,203,314,1004,756
74,1,2254,2,3,3,208,292,1119,703
74,1,2254,3,1,0,208,312,989,1005
74,1,2254,4,3,3,209,283,1646,1026
74,1,2254,5,8,8,214,281,1424,828
74,1,2254,6,1,0,214,289,1246,769
74,1,2254,7,1,0,214,291,1262,851
74,1,2254,8,2,2,215,286,1495,1027
74,1,2254,9,2,2,216,301,1365,945
74,1,2254,10,5,5,220,290,1158,825
74,1,2254,11,2,2,222,286,1025,699
74,1,2254,12,5,5,222,293,1239,671
74,1,2254,13,5,7,223,280,1471,1085
74,1,2254,14,5,6,224,275,1215,885
74,1,2254,15,3,3,226,305,1099,903
74,1,2254,16,4,5,229,288,1482,1028
74,1,2254,17,1,0,230,270,1073,1078
74,1,2254,18,1,0,231,291,1180,523
74,1,2254,19,1,0,232,287,1009,941
74,1,2254,20,2,2,235,286,1613,997
74,1,2254,21,3,3,235,289,1122,1129
74,1,2254,22,1,0,237,280,980,1173
74,1,2254,23,2,2,237,291,1440,939
74,2,2849,1,1,0,244,360,1896,776
74,2,2849,2,3,3,252,346,1967,959
74,2,2849,3,2,2,265,371,1749,937
74,2,2849,4,1,0,265,364,2106,1114
74,2,2849,5,1,0,267,367,1593,774
74,2,2849,6,1,0,269,368,1375,821
74,2,2849,7,1,0,273,368,1722,1453
74,2,2849,8,1,0,274,370,1625,706
74,2,2849,9,1,0,274,374,1761,1613
74,2,2849,10,2,2,276,362,1462,698
74,2,2849,11,2,2,277,342,1581,631
74,2,2849,12,2,2,277,368,2270,1398
74,2,2849,13,4,5,279,364,1733,1107
74,2,2849,14,1,0,278,371,2231,924
74,2,2849,15,1,0,278,373,1800,672
74,2,2849,16,2,2,282,369,1973,922
74,2,2849,17,1,0,281,371,2002,889
74,2,2849,18,1,0,285,342,2219,1361
74,3,1862,1,1,0,269,181,1102,678
74,3,1862,2,1,0,273,186,1014,276
74,3,1862,3,1,0,274,181,1204,746
74,3,1862,4,1,0,277,163,1075,399
74,3,1862,5,1,0,277,165,1079,702
74,3,1862,6,2,2,278,174,955,576
74,3,1862,7,1,0,278,170,943,530
74,3,1862,8,4,5,280,180,1218,441
74,3,1862,9,6,8,281,184,1230,661
74,3,1862,10,1,0,280,174,1086,476
74,3,1862,11,1,0,281,169,1004,677
74,3,1862,12,4,4,284,172,1186,630
74,3,1862,13,1,0,284,175,937,452
74,3,1862,14,1,0,286,173,1070,500
74,4,1718,1,1,0,259,285,782,453
74,4,1718,2,1,0,262,286,886,569
74,4,1718,3,1,0,263,292,744,321
74,4,1718,4,1,0,265,281,737,426
74,4,1718,5,1,0,266,284,1092,470
74,4,1718,6,2,3,268,287,811,526
74,4,1718,7,1,0,267,292,743,287
74,4,1718,8,2,3,270,295,764,246
74,4,1718,9,1,0,270,291,915,312
74,4,1718,10,1,0,272,298,728,458
74,4,1718,11,3,4,277,293,886,777
74,4,1718,12,1,0,279,290,718,365
74,4,1718,13,1,0,283,286,762,651
74,4,1718,14,1,0,291,288,953,395
74,4,1718,15,1,0,291,291,756,220
74,4,1718,16,1,0,294,294,758,525
74,4,1718,17,4,8,300,298,1031,426
74,4,1718,18,1,0,303,318,822,212
74,4,1718,19,1,0,324,321,778,520
74,5,1571,1,1,0,293,158,693,236
74,5,1571,2,2,3,298,161,689,334
74,5,1571,3,1,0,298,166,740,438
74,5,1571,4,4,5,299,177,1067,482
74,5,1571,5,1,0,301,169,747,34
74,5,1571,6,1,0,305,173,1100,432
74,5,1571,7,1,0,306,166,761,178
74,5,1571,8,1,0,315,157,760,277
74,5,1571,9,4,8,317,160,752,294
74,5,1571,10,4,7,332,171,976,551
74,5,1571,11,1,0,335,171,741,630
74,5,1571,12,1,0,344,180,783,481
74,6,1643,1,2,2,332,344,753,456
74,6,1643,2,1,0,332,348,884,130
74,6,1643,3,1,0,335,337,650,375
74,6,1643,4,1,0,339,346,716,550
74,6,1643,5,1,0,339,349,988,460
74,6,1643,6,2,2,343,352,664,224
74,6,1643,7,1,0,344,348,721,333
74,6,1643,8,1,0,347,354,647,411
74,6,1643,9,1,0,351,314,890,197
74,6,1643,10,1,0,354,311,866,0
74,6,1643,11,1,0,356,309,642,484
74,6,1643,12,1,0,358,312,855,356
74,6,1643,13,2,3,360,302,862,326
74,6,1643,14,1,0,360,308,674,578
74,6,1643,15,3,3,361,310,733,356
74,6,1643,16,1,0,361,306,662,146
74,6,1643,17,1,0,362,350,731,257
74,6,1643,18,1,0,362,354,735,403
74,6,1643,19,3,3,371,338,869,436
74,6,1643,20,1,0,371,297,634,502
74,6,1643,21,1,0,374,316,668,201
74,6,1643,22,1,0,379,316,717,366
75,1,2257,1,1,0,203,316,968,740
75,1,2257,2,4,5,209,293,1183,870
75,1,2257,3,1,0,209,284,1555,917
75,1,2257,4,1,0,212,274,969,428
75,1,2257,5,11,14,214,280,1525,968
75,1,2257,6,2,3,214,292,1206,1033
75,1,2257,7,4,5,215,285,1529,696
75,1,2257,8,1,0,214,289,1223,637
75,1,2257,9,1,0,215,301,1062,1195
75,1,2257,10,1,0,219,289,1631,1503
75,1,2257,11,1,0,221,290,1325,1207
75,1,2257,12,2,2,222,293,1310,545
75,1,2257,13,5,7,224,275,1423,840
75,1,2257,14,5,7,223,280,1231,678
75,1,2257,15,1,0,222,286,1138,636
75,1,2257,16,1,0,224,297,970,554
75,1,2257,17,8,12,229,288,1205,699
75,1,2257,18,2,3,227,304,1003,448
75,1,2257,19,1,0,230,284,1048,749
75,1,2257,20,1,0,231,291,1503,837
75,1,2257,21,2,2,234,289,1125,1044
75,1,2257,22,3,3,235,286,1427,1024
75,1,2257,23,2,2,238,291,1494,1094
75,2,2756,1,1,0,252,346,2201,1266
75,2,2756,2,1,0,262,365,1869,1565
75,2,2756,3,2,2,265,364,1740,962
75,2,2756,4,1,0,265,371,1827,739
75,2,2756,5,1,0,268,368,1607,1002
75,2,2756,6,1,0,269,370,1856,1186
75,2,2756,7,2,2,273,368,1416,832
75,2,2756,8,2,2,276,343,1571,434
75,2,2756,9,1,0,276,362,2383,1299
75,2,2756,10,2,2,277,368,1918,1169
75,2,2756,11,4,5,278,372,1498,752
75,2,2756,12,4,7,280,365,1474,1334
75,2,2756,13,3,3,281,370,2074,855
75,2,2756,14,2,2,285,342,2202,1301
75,2,2756,15,1,0,293,357,1311,746
75,3,1814,1,2,2,269,182,1053,650
75,3,1814,2,2,2,273,178,1237,671
75,3,1814,3,1,0,274,181,1125,610
75,3,1814,4,2,3,277,175,1223,753
75,3,1814,5,3,5,279,170,1165,457
75,3,1814,6,1,0,279,176,1000,340
75,3,1814,7,4,4,280,181,1230,364
75,3,1814,8,1,0,280,174,1284,1020
75,3,1814,9,5,5,280,184,1220,672
75,3,1814,10,2,2,284,171,1380,644
75,3,1814,11,2,2,286,174,1042,445
75,4,1704,1,1,0,259,279,878,373
75,4,1704,2,1,0,260,281,792,578
75,4,1704,3,3,3,269,286,756,553
75,4,1704,4,1,0,270,289,764,513
75,4,1704,5,2,2,277,292,1056,568
75,4,1704,6,1,0,277,311,703,0
75,4,1704,7,1,0,278,294,825,602
75,4,1704,8,2,2,282,291,804,460
75,4,1704,9,1,0,283,286,807,462
75,4,1704,10,1,0,283,312,776,199
75,4,1704,11,2,2,292,288,751,533
75,4,1704,12,7,12,299,298,900,438
75,4,1704,13,1,0,300,293,716,649
75,4,1704,14,1,0,302,296,803,142
75,4,1704,15,1,0,314,301,783,467
75,4,1704,16,1,0,314,328,721,161
75,5,1550,1,2,2,296,160,681,421
75,5,1550,2,4,5,299,177,1002,535
75,5,1550,3,1,0,301,169,637,232
75,5,1550,4,1,0,304,158,717,440
75,5,1550,5,1,0,305,173,792,434
75,5,1550,6,1,0,308,159,868,271
75,5,1550,7,4,7,311,162,896,440
75,5,1550,8,1,0,315,157,1029,357
75,5,1550,9,1,0,318,159,739,339
75,5,1550,10,1,0,330,188,712,415
75,5,1550,11,2,2,332,171,1213,752
75,5,1550,12,1,0,332,194,684,218
75,5,1550,13,1,0,343,178,636,196
75,6,1681,1,1,0,332,343,701,425
75,6,1681,2,1,0,336,351,707,296
75,6,1681,3,2,3,339,345,677,592
75,6,1681,4,3,5,340,349,759,493
75,6,1681,5,1,0,339,354,676,546
75,6,1681,6,2,2,341,334,859,94
75,6,1681,7,1,0,342,339,812,351
75,6,1681,8,1,0,353,312,797,477
75,6,1681,9,2,2,356,309,824,434
75,6,1681,10,1,0,356,342,702,215
75,6,1681,11,6,8,360,307,809,397
75,6,1681,12,1,0,359,303,817,531
75,6,1681,13,1,0,363,313,716,217
75,6,1681,14,1,0,368,338,712,271
75,6,1681,15,1,0,371,301,755,470
75,6,1681,16,1,0,371,339,818,504
75,6,1681,17,2,3,379,292,708,541
76,1,2238,1,2,2,202,315,996,836
76,1,2238,2,2,3,208,301,1137,846
76,1,2238,3,1,0,209,284,1215,1123
76,1,2238,4,1,0,209,292,1253,1241
76,1,2238,5,1,0,209,312,1061,542
76,1,2238,6,1,0,211,284,1037,847
76,1,2238,7,10,9,214,280,1650,1050
76,1,2238,8,3,3,214,291,1278,763
76,1,2238,9,4,4,216,286,1301,789
76,1,2238,10,1,0,215,301,1559,1630
76,1,2238,11,3,5,219,288,1482,772
76,1,2238,12,4,5,222,293,1169,671
76,1,2238,13,5,7,224,275,1588,878
76,1,2238,14,1,0,222,277,986,431
76,1,2238,15,3,4,222,281,1111,634
76,1,2238,16,1,0,226,305,996,804
76,1,2238,17,6,6,229,288,1409,773
76,1,2238,18,1,0,229,271,1268,859
76,1,2238,19,1,0,231,291,1609,1100
76,1,2238,20,1,0,232,287,1061,770
76,1,2238,21,1,0,233,281,986,665
76,1,2238,22,2,2,235,286,1501,1204
76,1,2238,23,2,3,235,290,1442,1167
76,1,2238,24,3,5,237,291,1201,670
76,2,2751,1,2,2,253,346,1670,1242
76,2,2751,2,2,2,265,371,1584,601
76,2,2751,3,1,0,265,364,2433,1069
76,2,2751,4,1,0,269,370,1356,904
76,2,2751,5,2,2,273,368,1766,703
76,2,2751,6,1,0,274,374,1442,893
76,2,2751,7,1,0,276,342,1392,806
76,2,2751,8,2,2,277,362,2088,796
76,2,2751,9,1,0,276,368,2135,1163
76,2,2751,10,3,4,278,372,1826,926
76,2,2751,11,3,3,279,364,1554,1359
76,2,2751,12,1,0,280,362,1390,1076
76,2,2751,13,2,2,281,369,2136,1259
76,2,2751,14,2,2,285,342,2007,1147
76,2,2751,15,2,2,287,371,1352,352
76,2,2751,16,1,0,292,362,1552,1058
76,2,2751,17,1,0,293,357,1515,698
76,3,1776,1,1,0,269,180,1462,459
76,3,1776,2,3,3,273,178,1033,382
76,3,1776,3,1,0,273,186,858,435
76,3,1776,4,3,3,277,175,987,426
76,3,1776,5,1,0,277,179,944,141
76,3,1776,6,2,2,279,170,1260,481
76,3,1776,7,3,3,280,181,1291,609
76,3,1776,8,1,0,280,175,1040,638
76,3,1776,9,5,6,281,184,1244,547
76,3,1776,10,1,0,281,169,931,582
76,3,1776,11,3,3,283,171,1169,541
76,3,1776,12,2,2,286,174,1113,423
76,4,1670,1,1,0,258,278,821,270
76,4,1670,2,2,3,259,285,709,485
76,4,1670,3,2,3,264,289,716,662
76,4,1670,4,1,0,264,284,674,480
76,4,1670,5,1,0,266,280,677,259
76,4,1670,6,1,0,266,294,768,715
76,4,1670,7,2,2,269,287,737,654
76,4,1670,8,1,0,269,291,700,458
76,4,1670,9,1,0,270,295,828,562
76,4,1670,10,1,0,274,282,685,247
76,4,1670,11,3,3,277,293,807,627
76,4,1670,12,1,0,277,295,710,656
76,4,1670,13,1,0,292,288,864,433
76,4,1670,14,5,8,299,298,978,370
76,4,1670,15,1,0,313,300,738,390
76,4,1670,16,1,0,318,305,686,324
76,4,1670,17,1,0,319,328,688,365
76,5,1630,1,1,0,296,160,714,750
76,5,1630,2,2,2,297,165,739,362
76,5,1630,3,1,0,298,160,784,482
76,5,1630,4,4,5,299,177,1142,380
76,5,1630,5,1,0,305,173,1144,404
76,5,1630,6,1,0,309,161,999,775
76,5,1630,7,1,0,312,159,766,124
76,5,1630,8,1,0,315,157,742,387
76,5,1630,9,2,2,316,161,872,546
76,5,1630,10,2,2,318,159,856,365
76,5,1630,11,1,0,320,161,715,296
76,5,1630,12,1,0,326,169,769,0
76,5,1630,13,3,3,331,171,1240,690
76,6,1645,1,1,0,331,343,779,335
76,6,1645,2,2,3,336,345,646,300
76,6,1645,3,1,0,337,355,655,212
76,6,1645,4,1,0,340,334,955,436
76,6,1645,5,1,0,340,348,817,172
76,6,1645,6,1,0,341,351,640,386
76,6,1645,7,1,0,342,349,661,677
76,6,1645,8,1,0,347,331,676,207
76,6,1645,9,1,0,348,338,654,316
76,6,1645,10,1,0,352,337,801,453
76,6,1645,11,1,0,356,309,815,540
76,6,1645,12,1,0,357,343,646,154
76,6,1645,13,1,0,358,312,802,634
76,6,1645,14,1,0,358,345,642,223
76,6,1645,15,3,3,359,307,946,598
76,6,1645,16,1,0,360,327,855,103
76,6,1645,17,1,0,362,306,684,381
76,6,1645,18,1,0,362,354,782,437
76,6,1645,19,1,0,367,306,692,425
76,6,1645,20,1,0,368,350,990,659
76,6,1645,21,1,0,369,302,738,0
76,6,1645,22,1,0,370,339,812,226
76,6,1645,23,1,0,371,298,646,659
76,6,1645,24,1,0,379,291,686,522
76,6,1645,25,1,0,379,313,694,26
77,1,2238,1,1,0,202,316,1064,617
77,1,2238,2,1,0,204,316,1030,628
77,1,2238,3,1,0,209,284,1399,947
77,1,2238,4,3,3,209,292,1164,872
77,1,2238,5,1,0,212,273,976,423
77,1,2238,6,10,10,214,281,1587,1067
77,1,2238,7,2,2,213,292,1214,892
77,1,2238,8,4,5,214,286,1126,774
77,1,2238,9,3,3,213,289,1006,700
77,1,2238,10,1,0,215,301,1577,1223
77,1,2238,11,1,0,215,308,952,643
77,1,2238,12,1,0,216,288,999,722
77,1,2238,13,5,8,220,289,1564,1032
77,1,2238,14,4,5,222,282,1109,803
77,1,2238,15,1,0,221,293,1598,1192
77,1,2238,16,4,6,224,275,1542,1016
77,1,2238,17,2,2,225,305,1007,763
77,1,2238,18,4,5,229,288,1381,1050
77,1,2238,19,2,2,231,292,1148,967
77,1,2238,20,3,3,234,290,1252,831
77,1,2238,21,2,2,235,287,1046,656
77,1,2238,22,1,0,236,280,957,484
77,1,2238,23,3,5,237,290,1206,901
77,1,2238,24,1,0,239,334,1022,438
77,2,2811,1,1,0,255,345,1611,1284
77,2,2811,2,1,0,265,364,1372,1167
77,2,2811,3,1,0,265,371,1560,903
77,2,2811,4,2,2,270,370,1707,950
77,2,2811,5,1,0,270,372,1528,732
77,2,2811,6,1,0,272,346,1404,235
77,2,2811,7,2,2,273,368,1717,1005
77,2,2811,8,1,0,274,374,1827,973
77,2,2811,9,1,0,276,362,1725,1154
77,2,2811,10,1,0,276,368,1682,1449
77,2,2811,11,2,2,278,372,1842,1217
77,2,2811,12,3,3,279,364,1667,1420
77,2,2811,13,2,2,281,369,1801,1252
77,2,2811,14,4,4,281,372,1618,1008
77,2,2811,15,1,0,284,342,2228,1211
77,2,2811,16,1,0,286,371,2013,782
77,2,2811,17,1,0,287,343,1634,932
77,2,2811,18,1,0,292,361,1405,315
77,2,2811,19,1,0,293,357,1884,766
77,3,1824,1,1,0,249,174,902,102
77,3,1824,2,2,2,269,181,926,528
77,3,1824,3,2,2,273,178,981,366
77,3,1824,4,3,5,275,182,1171,447
77,3,1824,5,1,0,274,196,986,386
77,3,1824,6,1,0,276,175,1248,800
77,3,1824,7,1,0,277,165,1087,395
77,3,1824,8,1,0,278,170,1335,879
77,3,1824,9,1,0,279,174,918,547
77,3,1824,10,1,0,279,176,935,798
77,3,1824,11,2,2,280,181,1442,648
77,3,1824,12,1,0,280,168,906,568
77,3,1824,13,5,6,281,184,1221,624
77,3,1824,14,1,0,281,165,909,395
77,3,1824,15,2,3,284,172,980,773
77,3,1824,16,1,0,285,173,1128,591
77,4,1682,1,1,0,258,279,676,405
77,4,1682,2,1,0,260,283,692,508
77,4,1682,3,2,3,265,290,794,589
77,4,1682,4,1,0,266,279,718,677
77,4,1682,5,2,2,269,291,696,855
77,4,1682,6,2,2,270,289,758,422
77,4,1682,7,2,2,273,293,812,507
77,4,1682,8,1,0,274,303,923,35
77,4,1682,9,1,0,277,293,692,795
77,4,1682,10,1,0,286,286,822,584
77,4,1682,11,2,2,292,288,789,455
77,4,1682,12,1,0,291,291,677,386
77,4,1682,13,6,11,300,298,954,382
77,4,1682,14,1,0,300,293,776,352
77,4,1682,15,1,0,313,328,705,479
77,4,1682,16,1,0,314,300,677,496
77,4,1682,17,1,0,320,325,762,340
77,5,1562,1,1,0,295,150,668,56
77,5,1562,2,1,0,296,181,687,109
77,5,1562,3,1,0,298,165,662,445
77,5,1562,4,5,7,299,177,1028,416
77,5,1562,5,1,0,301,153,814,279
77,5,1562,6,2,2,305,158,929,384
77,5,1562,7,1,0,305,173,792,416
77,5,1562,8,1,0,309,162,1064,735
77,5,1562,9,1,0,315,161,923,568
77,5,1562,10,1,0,317,159,773,592
77,5,1562,11,1,0,329,169,670,260
77,5,1562,12,3,3,331,171,1187,559
77,5,1562,13,1,0,331,194,710,387
77,5,1562,14,1,0,345,180,648,470
77,6,1633,1,1,0,333,342,659,515
77,6,1633,2,1,0,335,351,727,301
77,6,1633,3,2,2,337,335,656,623
77,6,1633,4,1,0,339,348,666,776
77,6,1633,5,1,0,340,340,749,506
77,6,1633,6,1,0,340,350,798,729
77,6,1633,7,1,0,342,327,739,373
77,6,1633,8,1,0,343,352,792,90
77,6,1633,9,1,0,344,329,635,262
77,6,1633,10,1,0,345,339,630,242
77,6,1633,11,2,3,346,354,697,463
77,6,1633,12,1,0,353,312,667,96
77,6,1633,13,1,0,357,312,656,593
77,6,1633,14,1,0,357,345,642,248
77,6,1633,15,1,0,358,348,658,367
77,6,1633,16,4,5,361,307,729,308
77,6,1633,17,1,0,362,302,649,524
77,6,1633,18,1,0,368,350,638,368
77,6,1633,19,1,0,369,342,742,448
77,6,1633,20,1,0,370,339,851,412
77,6,1633,21,1,0,372,327,629,251
77,6,1633,22,1,0,379,304,696,345
77,6,1633,23,1,0,381,299,667,522
78,1,2229,1,1,0,209,284,1421,1175
78,1,2229,2,2,2,210,292,1428,1153
78,1,2229,3,11,10,214,281,1598,942
78,1,2229,4,1,0,212,284,1067,688
78,1,2229,5,3,4,214,286,1336,866
78,1,2229,6,2,3,215,301,1364,927
78,1,2229,7,6,8,219,289,1357,1064
78,1,2229,8,2,2,222,286,1016,720
78,1,2229,9,2,2,222,293,1623,701
78,1,2229,10,6,9,224,275,1439,843
78,1,2229,11,3,4,222,282,1392,743
78,1,2229,12,1,0,224,278,1172,619
78,1,2229,13,1,0,225,261,1300,479
78,1,2229,14,1,0,228,304,1028,614
78,1,2229,15,5,5,229,288,1464,808
78,1,2229,16,1,0,231,278,940,614
78,1,2229,17,2,2,232,292,1342,1111
78,1,2229,18,1,0,232,276,1012,304
78,1,2229,19,8,13,235,290,1304,898
78,1,2229,20,1,0,236,285,1035,293
78,1,2229,21,1,0,237,288,974,412
78,2,2792,1,1,0,265,364,2398,1220
78,2,2792,2,2,2,266,370,1654,579
78,2,2792,3,1,0,269,347,1429,586
78,2,2792,4,1,0,273,368,2294,875
78,2,2792,5,1,0,274,374,1662,906
78,2,2792,6,1,0,276,362,1959,890
78,2,2792,7,1,0,276,368,2163,1456
78,2,2792,8,1,0,277,342,1445,782
78,2,2792,9,3,3,279,364,1772,1352
78,2,2792,10,3,4,278,372,1875,907
78,2,2792,11,5,7,281,371,1765,842
78,2,2792,12,1,0,282,365,1371,579
78,2,2792,13,3,3,284,341,1655,888
78,2,2792,14,1,0,286,371,2299,999
78,2,2792,15,1,0,292,361,1477,1051
78,2,2792,16,1,0,293,357,1689,605
78,2,2792,17,1,0,299,369,1535,922
78,3,1863,1,3,4,269,181,999,564
78,3,1863,2,4,4,273,179,1135,349
78,3,1863,3,1,0,273,186,1021,558
78,3,1863,4,2,2,274,182,1085,406
78,3,1863,5,1,0,276,181,938,245
78,3,1863,6,1,0,277,166,1047,583
78,3,1863,7,1,0,277,179,1068,138
78,3,1863,8,1,0,278,170,1322,432
78,3,1863,9,1,0,279,174,1174,760
78,3,1863,10,1,0,279,176,1058,517
78,3,1863,11,2,2,281,169,985,366
78,3,1863,12,2,2,280,181,1317,606
78,3,1863,13,3,4,281,184,1478,765
78,3,1863,14,2,2,283,172,1095,534
78,3,1863,15,1,0,285,173,1104,686
78,4,1696,1,1,0,256,282,732,443
78,4,1696,2,1,0,259,281,730,816
78,4,1696,3,2,3,265,286,812,717
78,4,1696,4,2,2,267,285,775,691
78,4,1696,5,1,0,269,284,768,432
78,4,1696,6,1,0,271,286,759,571
78,4,1696,7,1,0,275,284,904,78
78,4,1696,8,1,0,276,290,747,141
78,4,1696,9,3,3,277,293,899,488
78,4,1696,10,1,0,284,287,801,429
78,4,1696,11,2,2,292,288,977,673
78,4,1696,12,1,0,294,291,727,163
78,4,1696,13,1,0,294,294,716,283
78,4,1696,14,6,10,301,299,850,434
78,4,1696,15,1,0,309,326,694,506
78,4,1696,16,1,0,311,316,723,412
78,4,1696,17,1,0,317,327,762,490
78,5,1565,1,1,0,294,157,662,520
78,5,1565,2,1,0,295,167,654,193
78,5,1565,3,2,2,298,165,778,408
78,5,1565,4,3,3,299,177,1289,520
78,5,1565,5,1,0,299,168,938,209
78,5,1565,6,1,0,302,165,656,223
78,5,1565,7,2,2,306,158,708,349
78,5,1565,8,1,0,305,173,837,262
78,5,1565,9,1,0,311,161,779,526
78,5,1565,10,1,0,314,161,826,285
78,5,1565,11,1,0,317,159,964,701
78,5,1565,12,1,0,326,169,660,234
78,5,1565,13,5,5,332,170,906,567
78,6,1616,1,1,0,337,334,633,461
78,6,1616,2,1,0,338,342,645,309
78,6,1616,3,1,0,338,345,662,706
78,6,1616,4,1,0,340,334,872,318
78,6,1616,5,1,0,340,350,625,325
78,6,1616,6,1,0,341,354,644,517
78,6,1616,7,1,0,343,353,718,539
78,6,1616,8,1,0,344,346,611,535
78,6,1616,9,1,0,345,332,641,679
78,6,1616,10,1,0,346,353,623,279
78,6,1616,11,1,0,350,336,723,364
78,6,1616,12,1,0,352,340,680,126
78,6,1616,13,1,0,355,317,663,572
78,6,1616,14,1,0,355,334,609,93
78,6,1616,15,1,0,355,342,656,96
78,6,1616,16,2,2,358,304,691,340
78,6,1616,17,1,0,358,349,654,262
78,6,1616,18,2,2,359,308,719,413
78,6,1616,19,1,0,365,332,816,90
78,6,1616,20,1,0,366,297,643,260
78,6,1616,21,1,0,368,350,625,403
78,6,1616,22,2,3,371,343,960,0
78,6,1616,23,1,0,373,324,756,326
78,6,1616,24,1,0,379,298,649,298
78,6,1616,25,1,0,380,306,615,453
79,1,2225,1,1,0,196,312,984,483
79,1,2225,2,1,0,205,317,964,372
79,1,2225,3,3,3,210,293,1492,1014
79,1,2225,4,1,0,210,284,949,616
79,1,2225,5,11,11,214,280,1479,1062
79,1,2225,6,1,0,212,283,1282,566
79,1,2225,7,3,4,214,286,1316,711
79,1,2225,8,1,0,213,290,942,715
79,1,2225,9,1,0,217,285,1308,702
79,1,2225,10,6,9,219,289,1289,797
79,1,2225,11,1,0,220,271,1062,321
79,1,2225,12,2,3,222,286,1278,781
79,1,2225,13,3,3,222,293,1175,858
79,1,2225,14,5,5,224,275,1409,956
79,1,2225,15,1,0,223,282,1170,563
79,1,2225,16,2,3,224,298,1092,516
79,1,2225,17,1,0,226,289,1156,704
79,1,2225,18,1,0,227,265,977,562
79,1,2225,19,5,8,230,288,1626,874
79,1,2225,20,2,2,232,292,1569,925
79,1,2225,21,5,5,234,290,1454,884
79,1,2225,22,1,0,236,288,1367,730
79,1,2225,23,3,3,237,290,1157,759
79,2,2728,1,1,0,242,360,1331,377
79,2,2728,2,2,2,266,364,2114,1115
79,2,2728,3,3,3,268,367,1487,797
79,2,2728,4,1,0,269,347,1294,595
79,2,2728,5,2,2,270,370,1447,634
79,2,2728,6,1,0,270,372,1442,812
79,2,2728,7,1,0,273,368,1932,1039
79,2,2728,8,2,2,276,362,1642,701
79,2,2728,9,1,0,276,353,1436,561
79,2,2728,10,2,2,277,368,1778,1365
79,2,2728,11,1,0,278,372,2440,899
79,2,2728,12,1,0,280,362,1684,925
79,2,2728,13,5,7,281,371,1456,915
79,2,2728,14,2,3,284,342,1389,957
79,2,2728,15,1,0,283,370,1490,485
79,2,2728,16,1,0,286,371,1745,1134
79,2,2728,17,1,0,293,361,2155,997
79,3,1895,1,1,0,249,173,1026,336
79,3,1895,2,2,3,273,178,1084,479
79,3,1895,3,1,0,274,181,1579,673
79,3,1895,4,1,0,276,175,1055,818
79,3,1895,5,1,0,277,163,1227,149
79,3,1895,6,1,0,277,179,1177,369
79,3,1895,7,2,3,279,170,1218,513
79,3,1895,8,2,2,280,175,1009,375
79,3,1895,9,4,4,280,181,1171,507
79,3,1895,10,1,0,280,165,1041,398
79,3,1895,11,2,2,280,184,1569,781
79,3,1895,12,1,0,281,168,1076,737
79,3,1895,13,2,3,283,172,1297,563
79,3,1895,14,1,0,282,184,1167,457
79,3,1895,15,3,3,285,174,1016,477
79,4,1660,1,1,0,261,281,902,457
79,4,1660,2,1,0,262,286,1074,430
79,4,1660,3,1,0,264,281,706,379
79,4,1660,4,1,0,268,289,808,633
79,4,1660,5,1,0,270,285,698,817
79,4,1660,6,1,0,270,288,680,660
79,4,1660,7,4,5,277,293,1027,856
79,4,1660,8,1,0,282,290,748,758
79,4,1660,9,1,0,290,291,773,195
79,4,1660,10,1,0,291,288,866,1018
79,4,1660,11,5,8,300,296,895,521
79,4,1660,12,2,2,302,299,1116,500
79,4,1660,13,1,0,306,302,708,114
79,4,1660,14,2,2,315,327,669,462
79,4,1660,15,2,3,318,328,694,260
79,4,1660,16,1,0,319,307,676,54
79,5,1623,1,1,0,297,179,825,112
79,5,1623,2,1,0,298,165,943,233
79,5,1623,3,1,0,298,175,745,325
79,5,1623,4,2,2,299,177,1560,544
79,5,1623,5,1,0,300,158,715,404
79,5,1623,6,1,0,301,172,747,320
79,5,1623,7,1,0,302,168,742,232
79,5,1623,8,1,0,306,158,1050,515
79,5,1623,9,1,0,306,165,789,662
79,5,1623,10,2,2,311,160,769,348
79,5,1623,11,1,0,315,158,822,367
79,5,1623,12,2,2,318,159,839,730
79,5,1623,13,2,2,328,195,723,344
79,5,1623,14,4,4,331,171,950,707
79,6,1619,1,1,0,335,350,630,131
79,6,1619,2,1,0,337,345,639,431
79,6,1619,3,1,0,337,352,615,569
79,6,1619,4,1,0,338,342,617,354
79,6,1619,5,1,0,338,354,706,481
79,6,1619,6,1,0,340,335,738,349
79,6,1619,7,1,0,340,339,678,92
79,6,1619,8,2,3,341,350,739,455
79,6,1619,9,1,0,342,348,760,446
79,6,1619,10,1,0,343,338,643,304
79,6,1619,11,1,0,343,344,731,261
79,6,1619,12,2,2,344,346,674,633
79,6,1619,13,1,0,345,355,625,577
79,6,1619,14,1,0,346,351,637,122
79,6,1619,15,1,0,352,313,733,210
79,6,1619,16,2,2,358,312,764,380
79,6,1619,17,1,0,358,336,718,407
79,6,1619,18,1,0,359,302,636,418
79,6,1619,19,3,5,360,307,872,381
79,6,1619,20,1,0,370,325,641,476
79,6,1619,21,1,0,372,340,680,400
79,6,1619,22,1,0,374,320,655,183
79,6,1619,23,1,0,380,295,617,272
80,1,2227,1,1,0,204,313,952,515
80,1,2227,2,1,0,207,313,940,563
80,1,2227,3,5,5,209,293,1169,813
80,1,2227,4,1,0,208,298,973,723
80,1,2227,5,1,0,210,263,970,433
80,1,2227,6,1,0,210,298,970,566
80,1,2227,7,12,12,214,280,1669,988
80,1,2227,8,1,0,214,286,1268,1074
80,1,2227,9,3,3,214,300,1215,758
80,1,2227,10,4,5,219,289,1380,988
80,1,2227,11,5,7,222,275,1458,748
80,1,2227,12,3,3,222,293,1245,729
80,1,2227,13,1,0,221,296,1234,463
80,1,2227,14,2,2,223,282,1256,813
80,1,2227,15,1,0,224,297,1015,561
80,1,2227,16,1,0,226,271,938,583
80,1,2227,17,4,7,230,289,1545,1164
80,1,2227,18,13,18,235,290,1366,833
80,2,2775,1,2,3,266,364,1455,969
80,2,2775,2,2,3,268,368,1735,1273
80,2,2775,3,1,0,269,372,2031,1376
80,2,2775,4,2,2,273,368,1597,390
80,2,2775,5,2,2,277,353,1367,421
80,2,2775,6,1,0,276,362,1728,1110
80,2,2775,7,3,3,276,369,1868,1014
80,2,2775,8,1,0,277,342,1987,902
80,2,2775,9,3,3,278,364,1661,1411
80,2,2775,10,2,2,278,372,2108,1285
80,2,2775,11,1,0,280,362,1562,867
80,2,2775,12,1,0,281,369,2085,1083
80,2,2775,13,1,0,282,371,1343,673
80,2,2775,14,1,0,283,369,1434,485
80,2,2775,15,1,0,284,340,1625,1224
80,2,2775,16,1,0,284,342,1411,826
80,2,2775,17,1,0,286,371,1573,944
80,2,2775,18,1,0,293,357,1354,611
80,2,2775,19,1,0,293,361,1975,1029
80,3,1768,1,1,0,269,180,1531,623
80,3,1768,2,3,3,274,181,970,418
80,3,1768,3,2,2,277,174,1039,319
80,3,1768,4,1,0,276,176,860,224
80,3,1768,5,1,0,276,179,908,100
80,3,1768,6,2,2,279,170,1138,432
80,3,1768,7,4,6,280,175,1148,641
80,3,1768,8,3,3,279,181,1158,520
80,3,1768,9,3,3,280,183,1158,648
80,3,1768,10,1,0,282,179,901,438
80,3,1768,11,4,5,285,174,1326,237
80,4,1671,1,1,0,259,282,695,240
80,4,1671,2,1,0,261,278,764,129
80,4,1671,3,1,0,266,291,686,478
80,4,1671,4,1,0,266,294,758,263
80,4,1671,5,1,0,267,277,744,67
80,4,1671,6,1,0,268,297,698,225
80,4,1671,7,1,0,270,289,824,544
80,4,1671,8,1,0,270,294,716,877
80,4,1671,9,1,0,272,291,679,436
80,4,1671,10,2,3,277,289,678,360
80,4,1671,11,2,2,277,293,891,619
80,4,1671,12,1,0,281,290,714,552
80,4,1671,13,1,0,286,286,714,511
80,4,1671,14,1,0,288,290,677,133
80,4,1671,15,1,0,294,306,967,408
80,4,1671,16,5,8,299,297,866,425
80,4,1671,17,3,4,301,299,1296,379
80,4,1671,18,1,0,307,306,753,605
80,5,1601,1,1,0,295,180,682,314
80,5,1601,2,1,0,297,156,689,301
80,5,1601,3,2,2,298,168,884,326
80,5,1601,4,3,3,299,177,1195,590
80,5,1601,5,1,0,300,155,687,654
80,5,1601,6,1,0,301,168,889,554
80,5,1601,7,1,0,305,173,856,303
80,5,1601,8,1,0,306,158,689,213
80,5,1601,9,1,0,306,165,908,145
80,5,1601,10,1,0,309,162,1022,419
80,5,1601,11,1,0,310,160,720,238
80,5,1601,12,2,2,318,159,1015,437
80,5,1601,13,1,0,328,195,803,747
80,5,1601,14,3,3,331,170,1144,616
80,5,1601,15,1,0,338,173,737,293
80,6,1630,1,1,0,336,353,670,186
80,6,1630,2,1,0,337,334,722,388
80,6,1630,3,1,0,337,345,627,234
80,6,1630,4,1,0,338,347,759,389
80,6,1630,5,1,0,338,350,865,599
80,6,1630,6,2,2,345,353,655,434
80,6,1630,7,1,0,344,355,702,248
80,6,1630,8,1,0,345,351,662,296
80,6,1630,9,1,0,352,313,1003,158
80,6,1630,10,1,0,356,309,630,234
80,6,1630,11,6,8,360,307,759,482
80,6,1630,12,1,0,359,329,634,296
80,6,1630,13,1,0,361,303,671,368
80,6,1630,14,1,0,365,299,703,301
80,6,1630,15,1,0,366,301,621,278
80,6,1630,16,1,0,370,338,621,439
80,6,1630,17,1,0,371,298,702,515
80,6,1630,18,1,0,372,332,698,15
80,6,1630,19,1,0,372,342,691,431
80,6,1630,20,1,0,373,299,738,364
80,6,1630,21,1,0,374,317,736,401
80,6,1630,22,1,0,381,297,701,283
81,1,2254,1,1,0,201,308,1024,317
81,1,2254,2,1,0,207,312,1324,1257
81,1,2254,3,3,3,209,293,1251,1043
81,1,2254,4,1,0,210,332,1138,620
81,1,2254,5,1,0,211,261,985,451
81,1,2254,6,1,0,212,291,1174,928
81,1,2254,7,16,24,214,281,1540,1026
81,1,2254,8,2,2,215,300,1236,1076
81,1,2254,9,1,0,217,285,1108,637
81,1,2254,10,7,11,219,289,1304,958
81,1,2254,11,7,9,223,275,1404,877
81,1,2254,12,2,2,222,285,1029,721
81,1,2254,13,2,2,222,293,1645,685
81,1,2254,14,2,2,224,282,1033,415
81,1,2254,15,1,0,225,261,1005,598
81,1,2254,16,1,0,225,289,1300,884
81,1,2254,17,1,0,228,303,1015,466
81,1,2254,18,3,3,230,288,1341,965
81,1,2254,19,1,0,229,290,1713,1119
81,1,2254,20,3,4,232,292,1254,723
81,1,2254,21,4,7,237,290,1642,1197
81,2,2800,1,2,2,266,364,2046,826
81,2,2800,2,4,4,268,368,1544,1031
81,2,2800,3,1,0,273,367,1604,665
81,2,2800,4,2,2,275,373,1652,1017
81,2,2800,5,2,2,276,362,2099,761
81,2,2800,6,1,0,276,369,2124,1436
81,2,2800,7,2,2,277,343,1912,765
81,2,2800,8,2,2,278,372,2034,1295
81,2,2800,9,2,2,279,364,1946,1608
81,2,2800,10,3,5,282,368,1735,1216
81,2,2800,11,1,0,283,351,1469,306
81,2,2800,12,1,0,284,342,1908,753
81,2,2800,13,1,0,285,340,1937,1677
81,2,2800,14,1,0,286,371,2039,859
81,2,2800,15,2,2,293,362,1901,767
81,2,2800,16,1,0,293,357,1423,618
81,3,1827,1,1,0,265,151,1000,127
81,3,1827,2,3,5,269,181,1186,613
81,3,1827,3,2,3,275,177,937,421
81,3,1827,4,1,0,274,181,1276,587
81,3,1827,5,8,14,279,175,1111,537
81,3,1827,6,1,0,277,179,1006,89
81,3,1827,7,1,0,278,170,1263,825
81,3,1827,8,4,6,280,182,1232,556
81,3,1827,9,1,0,280,184,1026,913
81,3,1827,10,4,5,284,174,1148,347
81,4,1708,1,1,0,259,284,890,544
81,4,1708,2,1,0,259,286,774,442
81,4,1708,3,1,0,263,291,769,420
81,4,1708,4,1,0,265,282,724,496
81,4,1708,5,1,0,271,295,763,369
81,4,1708,6,2,2,272,293,867,355
81,4,1708,7,3,4,276,293,859,749
81,4,1708,8,1,0,278,288,730,488
81,4,1708,9,1,0,278,290,718,687
81,4,1708,10,1,0,282,290,732,521
81,4,1708,11,1,0,284,288,734,0
81,4,1708,12,2,2,292,289,759,382
81,4,1708,13,1,0,294,294,787,285
81,4,1708,14,1,0,299,297,1052,283
81,4,1708,15,1,0,300,293,841,383
81,4,1708,16,3,4,301,299,1268,451
81,4,1708,17,1,0,314,300,814,143
81,4,1708,18,1,0,316,330,729,141
81,4,1708,19,1,0,319,324,709,241
81,4,1708,20,1,0,323,327,1097,279
81,5,1563,1,2,3,296,155,673,412
81,5,1563,2,4,6,299,176,1061,332
81,5,1563,3,1,0,299,163,673,658
81,5,1563,4,1,0,301,151,661,172
81,5,1563,5,1,0,301,168,705,579
81,5,1563,6,1,0,306,165,649,313
81,5,1563,7,1,0,307,153,745,423
81,5,1563,8,1,0,309,160,967,158
81,5,1563,9,1,0,309,162,811,295
81,5,1563,10,1,0,311,157,755,227
81,5,1563,11,1,0,313,159,663,47
81,5,1563,12,2,2,318,159,922,667
81,5,1563,13,1,0,327,196,803,314
81,5,1563,14,3,3,330,170,1155,419
81,6,1616,1,1,0,331,348,787,674
81,6,1616,2,1,0,333,352,752,250
81,6,1616,3,1,0,339,346,707,471
81,6,1616,4,2,2,341,349,673,530
81,6,1616,5,1,0,341,329,660,259
81,6,1616,6,2,2,343,345,758,578
81,6,1616,7,1,0,342,347,676,448
81,6,1616,8,1,0,353,335,607,308
81,6,1616,9,2,2,355,327,757,149
81,6,1616,10,1,0,355,342,626,233
81,6,1616,11,6,9,359,307,659,401
81,6,1616,12,1,0,360,333,692,344
81,6,1616,13,1,0,364,299,622,388
81,6,1616,14,1,0,366,311,684,46
81,6,1616,15,1,0,368,350,782,87
81,6,1616,16,1,0,370,310,630,551
81,6,1616,17,1,0,371,337,689,386
81,6,1616,18,1,0,371,339,1054,690
81,6,1616,19,1,0,373,322,609,479
81,6,1616,20,1,0,374,312,616,256
81,6,1616,21,1,0,375,320,630,327
82,1,2261,1,1,0,207,312,1516,1193
82,1,2261,2,2,2,210,293,1635,1255
82,1,2261,3,1,0,210,322,1436,1150
82,1,2261,4,15,19,214,281,1549,915
82,1,2261,5,1,0,212,291,1021,572
82,1,2261,6,2,2,214,286,1533,1081
82,1,2261,7,2,2,215,300,1258,770
82,1,2261,8,1,0,217,285,1228,1007
82,1,2261,9,5,5,219,288,1378,909
82,1,2261,10,1,0,219,266,995,586
82,1,2261,11,3,5,221,284,1061,648
82,1,2261,12,2,2,221,293,1497,733
82,1,2261,13,1,0,221,275,1600,1381
82,1,2261,14,1,0,221,290,1118,895
82,1,2261,15,1,0,224,277,1045,407
82,1,2261,16,1,0,224,305,1034,792
82,1,2261,17,2,2,226,273,1001,565
82,1,2261,18,1,0,227,302,1222,713
82,1,2261,19,3,6,229,289,1231,581
82,1,2261,20,1,0,231,269,1049,779
82,1,2261,21,1,0,231,286,1072,295
82,1,2261,22,1,0,231,292,1081,1037
82,1,2261,23,3,3,234,290,1159,820
82,1,2261,24,1,0,233,293,1521,1007
82,1,2261,25,1,0,235,287,1136,664
82,1,2261,26,5,5,237,290,1613,894
82,1,2261,27,1,0,239,289,996,649
82,2,2798,1,2,2,265,364,1613,835
82,2,2798,2,3,3,267,367,1524,917
82,2,2798,3,2,2,274,367,1443,494
82,2,2798,4,2,2,276,362,1529,812
82,2,2798,5,1,0,275,373,1684,1003
82,2,2798,6,1,0,276,369,1735,1039
82,2,2798,7,2,2,277,343,2142,885
82,2,2798,8,3,3,277,372,1682,1083
82,2,2798,9,1,0,278,364,2577,1546
82,2,2798,10,1,0,280,362,1428,1375
82,2,2798,11,1,0,280,371,1350,814
82,2,2798,12,3,6,282,369,1758,859
82,2,2798,13,3,5,285,341,1475,872
82,2,2798,14,1,0,286,371,1788,428
82,2,2798,15,1,0,292,362,2029,970
82,2,2798,16,1,0,293,357,1407,410
82,3,1826,1,1,0,249,173,1221,568
82,3,1826,2,1,0,269,180,1652,515
82,3,1826,3,1,0,270,182,1073,389
82,3,1826,4,1,0,274,177,1190,449
82,3,1826,5,1,0,274,181,1713,891
82,3,1826,6,1,0,276,175,1095,549
82,3,1826,7,1,0,277,164,918,223
82,3,1826,8,1,0,277,186,975,829
82,3,1826,9,1,0,278,170,1373,778
82,3,1826,10,7,10,279,175,1050,549
82,3,1826,11,5,8,279,182,1279,509
82,3,1826,12,3,3,284,174,1168,512
82,3,1826,13,1,0,283,179,952,206
82,4,1703,1,1,0,257,282,781,321
82,4,1703,2,1,0,261,284,863,427
82,4,1703,3,1,0,261,289,732,637
82,4,1703,4,1,0,263,286,789,725
82,4,1703,5,1,0,264,279,727,630
82,4,1703,6,1,0,264,293,781,514
82,4,1703,7,1,0,265,282,735,554
82,4,1703,8,1,0,266,284,843,588
82,4,1703,9,1,0,269,288,811,620
82,4,1703,10,1,0,270,291,709,192
82,4,1703,11,1,0,276,293,881,710
82,4,1703,12,1,0,277,288,871,403
82,4,1703,13,1,0,278,294,773,549
82,4,1703,14,1,0,282,290,816,163
82,4,1703,15,1,0,286,287,737,470
82,4,1703,16,1,0,290,287,721,453
82,4,1703,17,1,0,292,288,816,386
82,4,1703,18,2,2,299,298,869,649
82,4,1703,19,1,0,299,296,888,493
82,4,1703,20,1,0,300,292,734,338
82,4,1703,21,1,0,300,301,710,0
82,4,1703,22,3,4,302,299,922,423
82,4,1703,23,1,0,310,298,884,143
82,4,1703,24,1,0,311,329,714,226
82,5,1623,1,1,0,295,158,839,376
82,5,1623,2,2,2,298,166,905,441
82,5,1623,3,1,0,298,174,835,452
82,5,1623,4,4,4,299,177,1003,380
82,5,1623,5,1,0,301,168,739,352
82,5,1623,6,1,0,305,173,885,461
82,5,1623,7,1,0,306,158,727,234
82,5,1623,8,1,0,309,162,931,525
82,5,1623,9,2,2,311,160,936,293
82,5,1623,10,1,0,318,159,1084,233
82,5,1623,11,2,2,326,197,761,572
82,5,1623,12,4,5,331,170,1097,548
82,6,1616,1,1,0,330,346,825,246
82,6,1616,2,1,0,334,341,767,321
82,6,1616,3,1,0,337,333,643,510
82,6,1616,4,2,3,338,347,681,608
82,6,1616,5,1,0,338,349,721,426
82,6,1616,6,3,3,340,348,770,705
82,6,1616,7,1,0,343,346,673,341
82,6,1616,8,1,0,344,350,724,465
82,6,1616,9,2,3,346,354,621,647
82,6,1616,10,1,0,357,316,665,102
82,6,1616,11,1,0,359,302,701,177
82,6,1616,12,2,2,361,306,626,506
82,6,1616,13,1,0,361,316,701,435
82,6,1616,14,1,0,362,346,613,336
82,6,1616,15,1,0,368,293,851,181
82,6,1616,16,1,0,368,306,732,270
82,6,1616,17,1,0,370,339,780,270
82,6,1616,18,1,0,370,342,728,100
82,6,1616,19,1,0,373,339,730,137
82,6,1616,20,1,0,374,293,651,549
82,6,1616,21,1,0,374,299,769,234
82,6,1616,22,1,0,376,298,610,448
82,6,1616,23,1,0,376,303,701,330
83,1,2241,1,2,2,205,309,1300,912
83,1,2241,2,1,0,206,285,1021,866
83,1,2241,3,2,2,210,293,1268,1042
83,1,2241,4,1,0,210,283,987,482
83,1,2241,5,5,9,213,285,1106,718
83,1,2241,6,14,15,215,279,1506,957
83,1,2241,7,2,2,214,308,1195,580
83,1,2241,8,2,2,215,300,1362,1044
83,1,2241,9,1,0,216,258,962,600
83,1,2241,10,5,6,219,288,1350,946
83,1,2241,11,1,0,219,277,1006,501
83,1,2241,12,2,2,221,275,1127,958
83,1,2241,13,2,2,221,293,1521,524
83,1,2241,14,1,0,222,286,1084,665
83,1,2241,15,1,0,223,281,1334,557
83,1,2241,16,1,0,223,298,1331,892
83,1,2241,17,1,0,224,305,1047,740
83,1,2241,18,1,0,225,289,976,623
83,1,2241,19,1,0,228,289,2120,1608
83,1,2241,20,3,3,230,287,1317,991
83,1,2241,21,1,0,233,272,1073,701
83,1,2241,22,2,2,234,289,1118,1056
83,1,2241,23,1,0,235,287,1390,749
83,1,2241,24,1,0,235,294,1117,507
83,1,2241,25,5,5,237,290,1512,1036
83,1,2241,26,1,0,237,281,1026,920
83,2,2795,1,3,5,265,364,1834,947
83,2,2795,2,2,2,267,368,1799,692
83,2,2795,3,1,0,273,367,1720,983
83,2,2795,4,1,0,275,362,1575,644
83,2,2795,5,1,0,275,373,1764,1184
83,2,2795,6,4,5,277,343,1882,688
83,2,2795,7,3,3,278,372,1817,1034
83,2,2795,8,2,2,278,364,1741,1255
83,2,2795,9,1,0,280,362,1516,915
83,2,2795,10,2,2,281,371,1514,894
83,2,2795,11,2,2,282,369,1495,486
83,2,2795,12,1,0,284,369,1958,749
83,2,2795,13,2,2,287,341,1374,928
83,2,2795,14,1,0,286,371,1741,823
83,2,2795,15,1,0,292,361,1686,1096
83,2,2795,16,1,0,294,367,1761,1112
83,3,1844,1,1,0,249,173,1090,936
83,3,1844,2,1,0,270,182,1092,393
83,3,1844,3,3,3,272,177,1079,441
83,3,1844,4,1,0,274,181,1234,812
83,3,1844,5,7,12,278,175,1173,681
83,3,1844,6,3,5,279,170,1135,527
83,3,1844,7,5,5,279,181,1472,538
83,3,1844,8,2,2,281,184,1253,719
83,3,1844,9,2,2,284,175,1283,572
83,4,1657,1,2,3,260,286,699,456
83,4,1657,2,1,0,260,280,772,279
83,4,1657,3,2,3,263,281,715,406
83,4,1657,4,1,0,264,293,805,456
83,4,1657,5,1,0,266,279,673,341
83,4,1657,6,1,0,268,288,668,513
83,4,1657,7,1,0,269,290,762,392
83,4,1657,8,1,0,270,285,688,885
83,4,1657,9,3,5,271,292,925,450
83,4,1657,10,1,0,274,303,835,355
83,4,1657,11,1,0,276,279,705,226
83,4,1657,12,1,0,277,292,661,419
83,4,1657,13,1,0,282,290,942,516
83,4,1657,14,1,0,286,285,740,461
83,4,1657,15,1,0,288,291,662,236
83,4,1657,16,2,3,299,298,814,645
83,4,1657,17,2,2,302,299,1011,510
83,4,1657,18,1,0,316,301,896,240
83,4,1657,19,1,0,316,327,667,678
83,4,1657,20,1,0,318,326,672,421
83,4,1657,21,1,0,319,328,667,229
83,5,1646,1,1,0,294,152,759,270
83,5,1646,2,3,3,297,164,1025,528
83,5,1646,3,3,5,298,177,1117,615
83,5,1646,4,1,0,298,174,1053,538
83,5,1646,5,2,2,301,169,858,504
83,5,1646,6,2,2,306,158,823,341
83,5,1646,7,1,0,306,165,835,277
83,5,1646,8,1,0,309,160,794,139
83,5,1646,9,1,0,309,162,791,505
83,5,1646,10,1,0,318,159,995,222
83,5,1646,11,1,0,325,197,1444,777
83,5,1646,12,4,6,331,170,1048,638
83,6,1609,1,1,0,330,344,636,267
83,6,1609,2,1,0,331,351,712,236
83,6,1609,3,1,0,332,343,755,714
83,6,1609,4,1,0,336,344,761,360
83,6,1609,5,1,0,337,346,618,342
83,6,1609,6,1,0,338,349,736,471
83,6,1609,7,1,0,338,355,639,447
83,6,1609,8,1,0,340,347,637,664
83,6,1609,9,1,0,343,343,617,416
83,6,1609,10,2,2,343,353,760,602
83,6,1609,11,1,0,346,340,621,118
83,6,1609,12,1,0,351,314,680,427
83,6,1609,13,1,0,356,309,659,425
83,6,1609,14,1,0,359,309,668,398
83,6,1609,15,2,2,360,307,1039,677
83,6,1609,16,1,0,363,304,883,245
83,6,1609,17,1,0,364,300,683,198
83,6,1609,18,2,2,370,340,712,24
83,6,1609,19,1,0,370,342,788,268
83,6,1609,20,1,0,371,325,607,234
83,6,1609,21,1,0,374,288,778,195
83,6,1609,22,1,0,374,302,723,351
83,6,1609,23,1,0,379,297,627,465
83,6,1609,24,1,0,380,293,624,776
84,1,2238,1,1,0,206,295,1180,558
84,1,2238,2,2,2,208,286,1425,1067
84,1,2238,3,1,0,208,289,1018,914
84,1,2238,4,1,0,210,293,1641,1336
84,1,2238,5,1,0,210,295,1333,723
84,1,2238,6,1,0,212,291,1018,1048
84,1,2238,7,12,17,215,279,1636,1010
84,1,2238,8,4,6,214,286,1226,914
84,1,2238,9,1,0,213,307,1824,947
84,1,2238,10,2,2,215,300,1342,1352
84,1,2238,11,1,0,217,285,1016,348
84,1,2238,12,4,4,219,289,1641,1300
84,1,2238,13,2,2,220,276,1162,966
84,1,2238,14,1,0,221,290,1196,949
84,1,2238,15,3,3,221,293,1413,684
84,1,2238,16,1,0,223,281,1394,1123
84,1,2238,17,1,0,224,289,1267,673
84,1,2238,18,1,0,224,305,1059,892
84,1,2238,19,1,0,225,294,1093,520
84,1,2238,20,8,8,229,288,1362,866
84,1,2238,21,1,0,230,291,1246,699
84,1,2238,22,2,3,234,290,1034,918
84,1,2238,23,7,7,237,289,1409,991
84,1,2238,24,1,0,238,297,966,690
84,2,2758,1,1,0,262,350,1419,850
84,2,2758,2,2,2,265,364,1837,1379
84,2,2758,3,2,3,267,367,2066,957
84,2,2758,4,1,0,270,346,1339,464
84,2,2758,5,1,0,273,367,1888,982
84,2,2758,6,1,0,275,362,2423,1171
84,2,2758,7,1,0,275,373,2021,1756
84,2,2758,8,4,4,277,343,2125,861
84,2,2758,9,1,0,276,353,2364,581
84,2,2758,10,3,3,276,369,1687,892
84,2,2758,11,1,0,277,372,2588,1526
84,2,2758,12,2,2,278,364,1732,1251
84,2,2758,13,1,0,280,371,2253,1041
84,2,2758,14,3,6,283,369,1439,1017
84,2,2758,15,1,0,285,343,1450,733
84,2,2758,16,1,0,286,371,1824,804
84,2,2758,17,2,3,293,362,1681,886
84,3,1873,1,1,0,272,177,1143,283
84,3,1873,2,12,19,278,175,1212,559
84,3,1873,3,1,0,274,181,1151,532
84,3,1873,4,1,0,278,170,1402,310
84,3,1873,5,5,5,279,181,1122,440
84,3,1873,6,1,0,280,168,1369,467
84,3,1873,7,2,2,281,184,1406,896
84,3,1873,8,2,2,285,174,1307,309
84,4,1636,1,2,2,260,281,694,593
84,4,1636,2,1,0,260,283,648,632
84,4,1636,3,1,0,261,285,732,722
84,4,1636,4,2,2,264,291,749,548
84,4,1636,5,1,0,265,276,772,833
84,4,1636,6,2,2,266,280,806,420
84,4,1636,7,1,0,268,290,672,417
84,4,1636,8,1,0,268,294,809,457
84,4,1636,9,1,0,269,288,663,200
84,4,1636,10,2,3,273,293,714,526
84,4,1636,11,1,0,274,283,709,278
84,4,1636,12,1,0,280,305,750,388
84,4,1636,13,1,0,283,284,670,326
84,4,1636,14,1,0,291,289,811,134
84,4,1636,15,1,0,296,322,660,142
84,4,1636,16,5,9,300,299,849,372
84,4,1636,17,1,0,300,293,723,386
84,4,1636,18,1,0,304,319,725,404
84,4,1636,19,1,0,318,328,652,516
84,5,1616,1,2,2,297,165,794,525
84,5,1616,2,4,6,298,177,1069,442
84,5,1616,3,1,0,301,168,861,540
84,5,1616,4,1,0,301,180,907,124
84,5,1616,5,1,0,305,173,791,321
84,5,1616,6,3,3,309,162,944,435
84,5,1616,7,2,2,312,159,1009,345
84,5,1616,8,1,0,318,159,1091,703
84,5,1616,9,2,2,325,197,903,574
84,5,1616,10,4,5,330,170,1240,695
84,6,1638,1,1,0,330,346,894,455
84,6,1638,2,1,0,331,351,652,231
84,6,1638,3,1,0,339,349,657,786
84,6,1638,4,1,0,340,334,694,137
84,6,1638,5,1,0,343,346,929,355
84,6,1638,6,1,0,343,353,759,491
84,6,1638,7,1,0,344,355,905,279
84,6,1638,8,1,0,346,353,653,548
84,6,1638,9,1,0,346,356,631,136
84,6,1638,10,2,3,352,335,633,284
84,6,1638,11,7,13,359,308,846,392
84,6,1638,12,1,0,362,331,641,44
84,6,1638,13,1,0,370,342,819,110
84,6,1638,14,3,3,371,339,832,531
84,6,1638,15,3,6,373,304,665,552
84,6,1638,16,1,0,376,303,699,240
84,6,1638,17,1,0,379,292,860,543
85,1,2213,1,1,0,209,287,1318,829
85,1,2213,2,5,8,210,295,1010,668
85,1,2213,3,1,0,209,309,1085,542
85,1,2213,4,1,0,210,280,1140,538
85,1,2213,5,1,0,210,291,1080,387
85,1,2213,6,11,16,214,279,1463,1080
85,1,2213,7,6,10,215,286,1181,784
85,1,2213,8,1,0,213,297,1315,402
85,1,2213,9,1,0,213,307,1844,1467
85,1,2213,10,1,0,213,326,949,479
85,1,2213,11,1,0,214,290,946,899
85,1,2213,12,3,3,214,299,1203,1078
85,1,2213,13,5,5,219,289,1435,1197
85,1,2213,14,1,0,220,276,2010,726
85,1,2213,15,2,2,221,294,1380,1047
85,1,2213,16,3,3,223,280,1080,670
85,1,2213,17,1,0,223,305,948,525
85,1,2213,18,5,8,230,288,1451,856
85,1,2213,19,1,0,229,267,1007,674
85,1,2213,20,1,0,230,291,1679,939
85,1,2213,21,2,2,234,290,1391,1111
85,1,2213,22,3,3,236,287,1701,1067
85,1,2213,23,2,2,237,290,1348,1014
85,1,2213,24,1,0,238,288,1084,496
85,2,2739,1,1,0,257,347,1538,1035
85,2,2739,2,2,2,265,364,1848,1178
85,2,2739,3,4,6,267,366,1721,798
85,2,2739,4,1,0,267,347,1456,1085
85,2,2739,5,1,0,273,367,1794,834
85,2,2739,6,1,0,274,370,1627,337
85,2,2739,7,2,2,276,362,1770,734
85,2,2739,8,4,4,277,343,2084,677
85,2,2739,9,2,2,276,370,1452,1257
85,2,2739,10,2,2,278,372,1755,1293
85,2,2739,11,1,0,278,364,1982,1395
85,2,2739,12,1,0,280,371,1432,1187
85,2,2739,13,1,0,282,369,1589,812
85,2,2739,14,2,2,284,369,1331,696
85,2,2739,15,1,0,287,341,1480,733
85,2,2739,16,2,2,293,362,2092,1146
85,3,1845,1,1,0,272,177,1118,492
85,3,1845,2,2,2,274,181,1052,437
85,3,1845,3,3,3,274,176,1224,590
85,3,1845,4,5,9,278,180,1119,407
85,3,1845,5,1,0,277,174,1056,309
85,3,1845,6,1,0,277,185,1325,688
85,3,1845,7,2,2,279,170,1190,546
85,3,1845,8,5,8,279,175,1244,667
85,3,1845,9,1,0,282,183,990,344
85,3,1845,10,1,0,283,172,1533,647
85,3,1845,11,3,3,285,175,1043,342
85,4,1673,1,1,0,258,285,755,458
85,4,1673,2,1,0,263,290,756,662
85,4,1673,3,1,0,264,281,749,537
85,4,1673,4,1,0,264,286,706,382
85,4,1673,5,1,0,265,294,718,417
85,4,1673,6,1,0,267,279,850,530
85,4,1673,7,1,0,269,286,722,490
85,4,1673,8,2,3,271,296,727,864
85,4,1673,9,1,0,272,293,1130,482
85,4,1673,10,2,2,277,294,792,373
85,4,1673,11,1,0,279,286,686,659
85,4,1673,12,2,2,282,290,1048,484
85,4,1673,13,2,3,283,284,979,325
85,4,1673,14,1,0,292,289,759,0
85,4,1673,15,2,2,299,298,1000,296
85,4,1673,16,1,0,300,293,823,596
85,4,1673,17,2,2,302,299,1074,681
85,4,1673,18,1,0,312,327,739,490
85,4,1673,19,1,0,315,327,700,313
85,4,1673,20,1,0,320,327,691,310
85,5,1602,1,1,0,296,180,688,202
85,5,1602,2,1,0,297,164,935,617
85,5,1602,3,5,8,298,177,1039,409
85,5,1602,4,2,2,298,174,785,280
85,5,1602,5,2,2,301,169,826,404
85,5,1602,6,1,0,305,173,897,454
85,5,1602,7,1,0,309,161,872,472
85,5,1602,8,2,2,311,160,699,469
85,5,1602,9,1,0,318,159,919,285
85,5,1602,10,1,0,326,197,923,761
85,5,1602,11,4,7,330,170,1025,535
85,6,1650,1,1,0,334,351,671,109
85,6,1650,2,1,0,338,350,666,586
85,6,1650,3,1,0,339,354,701,472
85,6,1650,4,3,4,340,336,790,267
85,6,1650,5,1,0,340,341,771,525
85,6,1650,6,1,0,343,346,732,804
85,6,1650,7,1,0,344,352,737,531
85,6,1650,8,1,0,358,303,664,522
85,6,1650,9,5,7,359,307,737,455
85,6,1650,10,1,0,361,305,948,554
85,6,1650,11,1,0,363,305,649,191
85,6,1650,12,1,0,364,354,743,52
85,6,1650,13,1,0,365,299,654,248
85,6,1650,14,1,0,365,351,654,102
85,6,1650,15,1,0,367,304,687,471
85,6,1650,16,1,0,367,306,835,704
85,6,1650,17,2,2,371,340,821,81
85,6,1650,18,1,0,370,342,664,245
85,6,1650,19,1,0,373,290,670,402
85,6,1650,20,1,0,378,291,683,363
85,6,1650,21,1,0,379,300,910,76
86,1,2226,1,1,0,205,310,992,641
86,1,2226,2,1,0,206,322,972,517
86,1,2226,3,1,0,207,301,1028,746
86,1,2226,4,1,0,207,306,947,274
86,1,2226,5,2,3,210,293,1179,776
86,1,2226,6,1,0,209,308,1486,1290
86,1,2226,7,1,0,210,296,1165,779
86,1,2226,8,12,17,214,280,1502,1048
86,1,2226,9,1,0,212,291,1127,957
86,1,2226,10,1,0,213,307,1642,1471
86,1,2226,11,3,3,214,285,1136,1104
86,1,2226,12,1,0,214,300,2075,1620
86,1,2226,13,1,0,216,276,1002,409
86,1,2226,14,7,9,218,288,1233,1007
86,1,2226,15,1,0,220,265,976,480
86,1,2226,16,1,0,220,276,1796,1496
86,1,2226,17,1,0,220,285,987,807
86,1,2226,18,1,0,221,289,1237,594
86,1,2226,19,2,2,221,294,1199,627
86,1,2226,20,1,0,221,296,1252,337
86,1,2226,21,1,0,222,285,1186,1072
86,1,2226,22,2,2,223,280,1366,897
86,1,2226,23,1,0,224,305,968,590
86,1,2226,24,1,0,225,276,972,775
86,1,2226,25,1,0,225,293,1052,892
86,1,2226,26,1,0,225,295,1359,475
86,1,2226,27,3,5,229,288,1823,1111
86,1,2226,28,1,0,230,269,1014,887
86,1,2226,29,2,2,230,292,1167,722
86,1,2226,30,1,0,232,287,949,367
86,1,2226,31,2,2,234,290,1196,792
86,1,2226,32,2,2,236,284,1825,872
86,1,2226,33,1,0,237,290,1187,782
86,1,2226,34,1,0,241,302,1617,933
86,2,2753,1,1,0,252,360,1583,665
86,2,2753,2,2,2,265,364,1837,1075
86,2,2753,3,2,3,267,367,2092,1081
86,2,2753,4,1,0,270,363,1305,845
86,2,2753,5,1,0,272,345,1426,911
86,2,2753,6,1,0,273,367,1754,1182
86,2,2753,7,1,0,275,362,2200,1024
86,2,2753,8,4,4,277,343,1983,562
86,2,2753,9,1,0,276,353,1476,298
86,2,2753,10,2,3,277,370,1389,1216
86,2,2753,11,1,0,277,372,2642,1564
86,2,2753,12,2,2,279,364,1683,1208
86,2,2753,13,2,2,281,371,1880,931
86,2,2753,14,2,2,284,341,1367,721
86,2,2753,15,1,0,283,368,1673,1052
86,2,2753,16,1,0,288,373,1680,783
86,2,2753,17,1,0,293,353,1488,1070
86,2,2753,18,1,0,293,357,1789,786
86,2,2753,19,1,0,293,362,2642,1192
86,3,1773,1,1,0,265,151,1135,295
86,3,1773,2,2,2,272,178,944,259
86,3,1773,3,2,2,275,176,1161,753
86,3,1773,4,1,0,274,181,875,399
86,3,1773,5,8,12,278,175,1246,532
86,3,1773,6,2,2,276,180,976,180
86,3,1773,7,3,5,279,169,1192,420
86,3,1773,8,2,2,279,180,1355,578
86,3,1773,9,1,0,282,182,1352,473
86,3,1773,10,1,0,283,172,1437,827
86,3,1773,11,3,3,285,175,1080,304
86,4,1676,1,1,0,257,280,689,469
86,4,1676,2,1,0,258,288,760,252
86,4,1676,3,1,0,259,284,785,489
86,4,1676,4,1,0,260,271,727,384
86,4,1676,5,1,0,260,282,693,870
86,4,1676,6,1,0,260,288,715,828
86,4,1676,7,1,0,265,285,685,500
86,4,1676,8,2,3,271,287,813,620
86,4,1676,9,1,0,273,303,749,381
86,4,1676,10,1,0,275,283,764,569
86,4,1676,11,1,0,278,286,768,512
86,4,1676,12,1,0,278,296,811,0
86,4,1676,13,1,0,282,290,763,570
86,4,1676,14,1,0,283,283,723,248
86,4,1676,15,1,0,291,292,1038,538
86,4,1676,16,1,0,293,293,695,202
86,4,1676,17,6,10,300,299,899,545
86,4,1676,18,1,0,300,293,818,322
86,4,1676,19,1,0,304,302,724,343
86,4,1676,20,1,0,308,299,697,652
86,4,1676,21,1,0,320,308,751,201
86,5,1615,1,1,0,297,163,818,426
86,5,1615,2,2,2,297,174,759,336
86,5,1615,3,3,5,298,177,1040,529
86,5,1615,4,1,0,299,188,700,151
86,5,1615,5,1,0,300,176,705,55
86,5,1615,6,1,0,301,169,714,644
86,5,1615,7,1,0,304,158,1048,794
86,5,1615,8,1,0,305,173,879,37
86,5,1615,9,2,2,310,162,806,329
86,5,1615,10,1,0,312,159,1003,361
86,5,1615,11,1,0,320,161,727,300
86,5,1615,12,2,2,327,196,777,510
86,5,1615,13,4,5,330,170,1280,460
86,6,1623,1,1,0,332,341,717,483
86,6,1623,2,1,0,332,347,761,674
86,6,1623,3,3,3,340,349,664,483
86,6,1623,4,3,3,340,334,1037,309
86,6,1623,5,1,0,340,343,618,528
86,6,1623,6,1,0,342,348,782,595
86,6,1623,7,1,0,343,343,808,260
86,6,1623,8,1,0,343,351,629,588
86,6,1623,9,1,0,346,353,637,465
86,6,1623,10,1,0,352,313,673,207
86,6,1623,11,1,0,358,303,1126,536
86,6,1623,12,2,2,359,307,950,675
86,6,1623,13,1,0,359,309,640,172
86,6,1623,14,1,0,363,348,638,48
86,6,1623,15,1,0,364,301,634,405
86,6,1623,16,1,0,365,304,835,563
86,6,1623,17,1,0,371,337,641,369
86,6,1623,18,1,0,371,340,635,390
86,6,1623,19,1,0,372,322,647,534
86,6,1623,20,1,0,373,304,821,490
86,6,1623,21,1,0,373,339,618,416
86,6,1623,22,1,0,376,297,625,177
86,6,1623,23,1,0,379,294,676,52
87,1,2192,1,1,0,205,297,957,424
87,1,2192,2,1,0,207,301,1011,300
87,1,2192,3,1,0,208,309,1372,1008
87,1,2192,4,1,0,210,293,1192,1413
87,1,2192,5,1,0,210,300,960,377
87,1,2192,6,12,12,214,280,1581,1096
87,1,2192,7,1,0,211,291,1039,847
87,1,2192,8,1,0,212,283,1279,647
87,1,2192,9,2,2,214,285,1415,826
87,1,2192,10,2,2,213,290,1283,973
87,1,2192,11,2,2,213,307,1628,1171
87,1,2192,12,2,2,214,300,1293,1399
87,1,2192,13,1,0,215,276,989,369
87,1,2192,14,6,9,218,288,1394,1115
87,1,2192,15,1,0,217,266,927,619
87,1,2192,16,1,0,220,276,1376,1013
87,1,2192,17,1,0,220,283,987,660
87,1,2192,18,2,2,222,285,1300,704
87,1,2192,19,2,2,221,294,1071,642
87,1,2192,20,1,0,221,296,1044,694
87,1,2192,21,2,2,223,280,1286,538
87,1,2192,22,1,0,224,290,1016,532
87,1,2192,23,1,0,225,297,1147,1052
87,1,2192,24,3,5,229,289,1553,1103
87,1,2192,25,1,0,229,269,921,545
87,1,2192,26,1,0,233,275,930,496
87,1,2192,27,3,3,233,289,1082,658
87,1,2192,28,2,2,236,284,1724,835
87,1,2192,29,2,3,237,288,1135,862
87,1,2192,30,1,0,237,290,1337,664
87,1,2192,31,2,2,242,303,1146,797
87,2,2770,1,1,0,251,360,1774,860
87,2,2770,2,5,8,266,366,1861,864
87,2,2770,3,1,0,265,370,1961,1002
87,2,2770,4,1,0,266,352,1323,468
87,2,2770,5,1,0,273,367,1900,1154
87,2,2770,6,2,2,276,362,1901,1012
87,2,2770,7,4,4,277,343,1956,342
87,2,2770,8,3,3,277,369,1612,845
87,2,2770,9,2,2,278,364,1507,1136
87,2,2770,10,2,2,278,372,1992,1208
87,2,2770,11,1,0,280,371,2248,1543
87,2,2770,12,1,0,282,369,1584,807
87,2,2770,13,2,2,284,341,1452,815
87,2,2770,14,1,0,289,373,1925,1106
87,2,2770,15,1,0,293,362,1915,1374
87,3,1912,1,1,0,270,182,1193,717
87,3,1912,2,3,5,274,176,1144,509
87,3,1912,3,3,3,274,181,1157,323
87,3,1912,4,1,0,277,174,1445,522
87,3,1912,5,1,0,277,180,1171,197
87,3,1912,6,1,0,277,184,1238,459
87,3,1912,7,1,0,278,170,1203,729
87,3,1912,8,5,5,279,175,1300,639
87,3,1912,9,3,3,279,180,1061,484
87,3,1912,10,1,0,280,169,1068,613
87,3,1912,11,1,0,282,183,1407,70
87,3,1912,12,4,7,284,173,1458,657
87,4,1663,1,1,0,259,280,769,369
87,4,1663,2,1,0,262,293,788,311
87,4,1663,3,1,0,263,290,682,620
87,4,1663,4,1,0,264,279,777,238
87,4,1663,5,1,0,264,288,720,627
87,4,1663,6,1,0,264,292,677,701
87,4,1663,7,1,0,270,290,770,519
87,4,1663,8,1,0,271,295,687,493
87,4,1663,9,1,0,272,292,752,590
87,4,1663,10,1,0,274,282,690,805
87,4,1663,11,1,0,274,292,788,796
87,4,1663,12,1,0,277,285,721,448
87,4,1663,13,2,2,283,290,898,755
87,4,1663,14,1,0,289,300,709,128
87,4,1663,15,1,0,289,315,676,450
87,4,1663,16,2,3,292,292,744,316
87,4,1663,17,4,7,301,299,911,466
87,4,1663,18,1,0,300,293,693,524
87,4,1663,19,1,0,302,318,881,372
87,4,1663,20,2,2,316,327,692,365
87,4,1663,21,1,0,321,322,745,391
87,5,1530,1,2,3,294,155,624,312
87,5,1530,2,2,3,296,158,681,327
87,5,1530,3,1,0,296,179,883,636
87,5,1530,4,1,0,297,159,645,123
87,5,1530,5,2,3,298,164,873,417
87,5,1530,6,2,2,298,177,1320,434
87,5,1530,7,1,0,304,158,1141,414
87,5,1530,8,2,3,309,162,876,424
87,5,1530,9,2,3,312,160,784,393
87,5,1530,10,1,0,313,191,629,247
87,5,1530,11,1,0,322,166,675,172
87,5,1530,12,4,5,330,170,967,608
87,5,1530,13,1,0,350,180,620,243
87,6,1626,1,1,0,334,341,755,486
87,6,1626,2,1,0,339,348,751,534
87,6,1626,3,2,2,341,334,1114,499
87,6,1626,4,1,0,344,335,652,144
87,6,1626,5,1,0,344,347,658,173
87,6,1626,6,1,0,352,313,801,110
87,6,1626,7,1,0,355,310,760,191
87,6,1626,8,5,9,358,307,734,481
87,6,1626,9,1,0,360,311,700,283
87,6,1626,10,4,8,363,301,718,342
87,6,1626,11,2,2,365,304,744,504
87,6,1626,12,1,0,369,299,749,422
87,6,1626,13,1,0,371,337,798,654
87,6,1626,14,1,0,371,340,828,528
87,6,1626,15,1,0,373,303,677,707
87,6,1626,16,1,0,373,314,645,173
87,6,1626,17,1,0,374,290,650,383
87,6,1626,18,1,0,379,293,750,431
88,1,2210,1,1,0,208,309,1941,1031
88,1,2210,2,1,0,209,287,1274,1210
88,1,2210,3,5,7,211,291,1205,1034
88,1,2210,4,1,0,210,296,1357,661
88,1,2210,5,9,13,213,280,1414,1060
88,1,2210,6,1,0,212,283,1376,979
88,1,2210,7,1,0,212,288,1094,445
88,1,2210,8,2,2,213,326,1016,481
88,1,2210,9,3,3,214,285,1216,1016
88,1,2210,10,2,2,214,307,1613,873
88,1,2210,11,2,2,214,300,1367,1142
88,1,2210,12,1,0,215,276,1017,360
88,1,2210,13,1,0,216,285,1152,1141
88,1,2210,14,6,8,218,288,1364,988
88,1,2210,15,1,0,218,278,1120,297
88,1,2210,16,1,0,220,276,1084,797
88,1,2210,17,3,3,221,284,1240,907
88,1,2210,18,2,2,222,289,1152,857
88,1,2210,19,2,2,221,294,1299,433
88,1,2210,20,1,0,223,280,1209,764
88,1,2210,21,1,0,225,297,1087,1064
88,1,2210,22,2,2,227,265,960,672
88,1,2210,23,1,0,227,276,1038,128
88,1,2210,24,4,7,230,288,1523,973
88,1,2210,25,1,0,231,292,1363,958
88,1,2210,26,1,0,233,289,1147,614
88,1,2210,27,3,3,235,283,1794,1179
88,1,2210,28,1,0,243,304,1357,737
88,2,2878,1,2,2,265,365,1920,1113
88,2,2878,2,1,0,265,370,1592,1122
88,2,2878,3,1,0,267,367,2431,1288
88,2,2878,4,1,0,268,365,1423,809
88,2,2878,5,1,0,269,346,1443,1016
88,2,2878,6,1,0,274,370,1527,441
88,2,2878,7,1,0,275,362,1838,1411
88,2,2878,8,3,3,276,343,2157,820
88,2,2878,9,5,8,277,371,1567,764
88,2,2878,10,1,0,277,353,1551,673
88,2,2878,11,3,4,279,364,1842,1132
88,2,2878,12,1,0,280,371,1658,891
88,2,2878,13,2,2,282,370,1540,997
88,2,2878,14,1,0,284,341,1518,875
88,2,2878,15,1,0,289,374,2017,1002
88,2,2878,16,2,2,293,362,2099,721
88,2,2878,17,1,0,293,353,1524,621
88,3,1864,1,1,0,265,151,1069,362
88,3,1864,2,1,0,272,177,1243,225
88,3,1864,3,11,17,278,175,1152,584
88,3,1864,4,2,2,274,181,1111,712
88,3,1864,5,1,0,277,184,1076,839
88,3,1864,6,1,0,278,170,1244,515
88,3,1864,7,2,2,280,180,1093,340
88,3,1864,8,1,0,280,169,1040,456
88,3,1864,9,1,0,282,183,1095,621
88,3,1864,10,4,7,284,173,1411,507
88,4,1668,1,1,0,261,291,793,454
88,4,1668,2,1,0,265,279,699,575
88,4,1668,3,1,0,266,282,742,412
88,4,1668,4,1,0,266,285,793,586
88,4,1668,5,1,0,272,291,768,509
88,4,1668,6,1,0,273,303,807,89
88,4,1668,7,3,4,274,293,751,561
88,4,1668,8,1,0,279,293,689,519
88,4,1668,9,2,2,283,290,1062,513
88,4,1668,10,2,2,294,293,796,435
88,4,1668,11,1,0,297,322,704,50
88,4,1668,12,2,2,299,298,882,499
88,4,1668,13,1,0,300,293,715,442
88,4,1668,14,1,0,300,295,876,603
88,4,1668,15,3,4,302,299,1105,552
88,4,1668,16,1,0,304,317,703,516
88,4,1668,17,1,0,307,299,921,500
88,4,1668,18,2,2,313,328,773,475
88,5,1605,1,1,0,295,180,956,272
88,5,1605,2,2,2,297,164,1098,624
88,5,1605,3,6,9,297,175,842,278
88,5,1605,4,1,0,299,159,776,177
88,5,1605,5,1,0,301,169,829,130
88,5,1605,6,1,0,302,159,691,296
88,5,1605,7,3,3,308,162,841,444
88,5,1605,8,1,0,312,159,688,413
88,5,1605,9,1,0,318,159,698,510
88,5,1605,10,4,4,331,170,924,507
88,6,1641,1,1,0,331,351,787,536
88,6,1641,2,4,6,341,350,693,496
88,6,1641,3,3,3,340,334,815,202
88,6,1641,4,1,0,344,353,832,703
88,6,1641,5,1,0,346,355,670,290
88,6,1641,6,1,0,352,353,639,197
88,6,1641,7,1,0,354,333,676,543
88,6,1641,8,1,0,355,310,986,560
88,6,1641,9,1,0,360,309,638,284
88,6,1641,10,2,2,364,304,678,438
88,6,1641,11,1,0,364,323,644,349
88,6,1641,12,1,0,367,345,639,286
88,6,1641,13,1,0,369,309,686,299
88,6,1641,14,1,0,370,323,801,565
88,6,1641,15,1,0,370,334,639,87
88,6,1641,16,1,0,371,337,797,544
88,6,1641,17,3,4,372,339,805,324
88,6,1641,18,1,0,372,298,868,456
88,6,1641,19,1,0,372,323,687,159
88,6,1641,20,1,0,379,310,721,428
89,1,2179,1,1,0,200,304,914,869
89,1,2179,2,1,0,207,300,1012,825
89,1,2179,3,1,0,208,276,932,254
89,1,2179,4,1,0,208,307,1164,318
89,1,2179,5,1,0,208,309,1227,636
89,1,2179,6,1,0,209,288,1490,1301
89,1,2179,7,1,0,210,258,1120,544
89,1,2179,8,7,11,212,290,1217,845
89,1,2179,9,1,0,211,280,1083,883
89,1,2179,10,2,2,213,283,1263,647
89,1,2179,11,1,0,213,256,942,517
89,1,2179,12,1,0,213,285,1368,898
89,1,2179,13,1,0,213,307,1903,1505
89,1,2179,14,1,0,214,275,957,439
89,1,2179,15,4,6,214,280,1347,935
89,1,2179,16,1,0,214,299,1217,1033
89,1,2179,17,9,16,218,287,1215,808
89,1,2179,18,1,0,217,282,1519,1010
89,1,2179,19,4,4,221,294,1037,535
89,1,2179,20,2,2,221,285,1453,1047
89,1,2179,21,1,0,221,289,1242,853
89,1,2179,22,1,0,223,275,978,398
89,1,2179,23,2,2,225,297,986,519
89,1,2179,24,1,0,225,294,929,443
89,1,2179,25,1,0,228,283,1097,496
89,1,2179,26,5,8,230,288,1320,812
89,1,2179,27,2,2,234,289,1295,978
89,1,2179,28,1,0,233,293,1272,750
89,1,2179,29,2,2,235,282,1690,1128
89,1,2179,30,1,0,236,290,1026,255
89,1,2179,31,2,2,244,304,1244,882
89,2,3020,1,2,3,265,365,1974,837
89,2,3020,2,1,0,267,347,1588,823
89,2,3020,3,2,2,268,367,2252,1072
89,2,3020,4,1,0,268,365,1599,1295
89,2,3020,5,1,0,273,367,1796,809
89,2,3020,6,1,0,274,345,1773,1363
89,2,3020,7,1,0,275,362,2039,742
89,2,3020,8,4,4,277,343,2237,716
89,2,3020,9,1,0,277,353,1912,767
89,2,3020,10,1,0,277,370,2646,1256
89,2,3020,11,2,2,278,372,1699,1210
89,2,3020,12,3,4,279,364,2255,1310
89,2,3020,13,1,0,280,374,2095,615
89,2,3020,14,2,3,282,370,1720,864
89,2,3020,15,1,0,285,341,1839,787
89,2,3020,16,1,0,289,374,2646,1181
89,2,3020,17,2,2,293,362,2038,800
89,2,3020,18,1,0,294,353,1805,1024
89,3,1823,1,5,8,273,177,1123,350
89,3,1823,2,1,0,274,181,1335,558
89,3,1823,3,1,0,276,179,1087,148
89,3,1823,4,7,9,279,175,1173,585
89,3,1823,5,2,2,278,171,1007,435
89,3,1823,6,5,8,280,180,1068,508
89,3,1823,7,1,0,280,169,1093,691
89,3,1823,8,1,0,282,183,1487,185
89,3,1823,9,1,0,283,172,980,367
89,3,1823,10,2,2,285,174,1310,622
89,4,1654,1,1,0,258,281,888,390
89,4,1654,2,1,0,261,277,709,552
89,4,1654,3,1,0,261,279,821,588
89,4,1654,4,1,0,261,286,807,429
89,4,1654,5,1,0,262,289,708,389
89,4,1654,6,1,0,264,290,938,382
89,4,1654,7,1,0,266,293,684,351
89,4,1654,8,1,0,268,287,861,343
89,4,1654,9,1,0,271,285,1003,198
89,4,1654,10,1,0,274,293,745,493
89,4,1654,11,1,0,279,293,671,268
89,4,1654,12,1,0,281,285,694,394
89,4,1654,13,1,0,291,288,728,371
89,4,1654,14,2,2,294,293,721,493
89,4,1654,15,6,10,300,299,1017,519
89,4,1654,16,1,0,306,313,764,193
89,4,1654,17,1,0,307,300,681,58
89,4,1654,18,1,0,308,315,691,318
89,4,1654,19,1,0,311,328,671,399
89,4,1654,20,1,0,318,326,837,471
89,5,1540,1,1,0,294,167,685,262
89,5,1540,2,1,0,294,172,636,333
89,5,1540,3,2,2,297,164,1196,584
89,5,1540,4,3,5,297,174,1032,278
89,5,1540,5,1,0,297,157,668,624
89,5,1540,6,1,0,302,154,709,360
89,5,1540,7,3,3,305,158,804,327
89,5,1540,8,1,0,305,173,644,47
89,5,1540,9,1,0,309,162,1219,376
89,5,1540,10,1,0,317,159,721,289
89,5,1540,11,1,0,320,165,629,152
89,5,1540,12,5,5,331,170,861,565
89,6,1646,1,1,0,333,341,651,161
89,6,1646,2,3,6,337,346,708,471
89,6,1646,3,2,2,340,350,759,662
89,6,1646,4,2,2,341,334,1279,575
89,6,1646,5,2,3,352,314,879,230
89,6,1646,6,1,0,353,334,846,305
89,6,1646,7,1,0,355,309,711,501
89,6,1646,8,1,0,359,358,667,115
89,6,1646,9,2,2,362,303,804,456
89,6,1646,10,1,0,363,354,754,344
89,6,1646,11,1,0,364,304,789,655
89,6,1646,12,1,0,368,348,697,116
89,6,1646,13,1,0,369,299,764,341
89,6,1646,14,4,8,372,340,842,221
89,6,1646,15,1,0,371,337,653,213
89,6,1646,16,1,0,375,298,727,415
89,6,1646,17,1,0,376,305,653,449
89,6,1646,18,1,0,378,319,648,201
90,1,2236,1,1,0,199,300,982,748
90,1,2236,2,1,0,207,293,967,326
90,1,2236,3,1,0,208,290,1149,929
90,1,2236,4,2,2,208,309,1107,1050
90,1,2236,5,1,0,209,284,1048,601
90,1,2236,6,6,8,211,291,1098,876
90,1,2236,7,1,0,211,295,1086,812
90,1,2236,8,7,11,214,280,1075,1010
90,1,2236,9,3,3,214,285,1235,1132
90,1,2236,10,2,2,214,307,1661,988
90,1,2236,11,1,0,213,326,1287,740
90,1,2236,12,1,0,214,275,973,628
90,1,2236,13,1,0,214,298,1072,1003
90,1,2236,14,1,0,216,264,1038,747
90,1,2236,15,9,12,218,288,1335,882
90,1,2236,16,1,0,220,294,1449,1073
90,1,2236,17,2,2,221,285,1411,959
90,1,2236,18,1,0,221,289,1135,1213
90,1,2236,19,2,2,224,280,1118,299
90,1,2236,20,1,0,224,297,1011,988
90,1,2236,21,2,2,227,277,1189,907
90,1,2236,22,1,0,226,300,1162,939
90,1,2236,23,6,9,229,289,1314,753
90,1,2236,24,2,2,234,289,1566,988
90,1,2236,25,1,0,235,294,1266,749
90,1,2236,26,2,2,237,290,1013,402
90,1,2236,27,2,2,244,304,1161,809
90,2,2924,1,1,0,251,360,1609,1061
90,2,2924,2,1,0,260,345,1483,815
90,2,2924,3,2,2,265,365,1958,1144
90,2,2924,4,1,0,267,347,1744,866
90,2,2924,5,1,0,268,368,2603,1276
90,2,2924,6,2,2,270,346,1897,795
90,2,2924,7,1,0,273,367,2175,1423
90,2,2924,8,1,0,275,362,2428,942
90,2,2924,9,4,4,277,343,2138,895
90,2,2924,10,1,0,277,370,1870,771
90,2,2924,11,1,0,277,372,1704,792
90,2,2924,12,4,6,280,364,1767,1338
90,2,2924,13,2,2,281,374,1756,638
90,2,2924,14,1,0,281,371,1560,861
90,2,2924,15,2,2,289,374,1596,799
90,2,2924,16,2,2,293,362,2648,1227
90,2,2924,17,1,0,293,357,1615,534
90,3,1855,1,1,0,272,178,988,165
90,3,1855,2,3,5,275,181,1186,627
90,3,1855,3,11,18,278,175,1228,567
90,3,1855,4,1,0,277,180,946,408
90,3,1855,5,1,0,280,169,956,541
90,3,1855,6,6,10,281,180,1312,577
90,3,1855,7,1,0,282,183,975,376
90,3,1855,8,1,0,284,174,1261,1103
90,4,1688,1,2,3,262,285,760,644
90,4,1688,2,4,8,264,290,751,586
90,4,1688,3,2,3,266,282,723,704
90,4,1688,4,1,0,266,293,740,549
90,4,1688,5,1,0,270,299,782,402
90,4,1688,6,1,0,273,303,899,399
90,4,1688,7,1,0,275,296,777,731
90,4,1688,8,1,0,276,283,783,666
90,4,1688,9,2,2,283,290,856,568
90,4,1688,10,1,0,291,288,1273,598
90,4,1688,11,1,0,293,294,707,335
90,4,1688,12,2,2,299,298,1027,363
90,4,1688,13,4,5,302,299,1004,450
90,4,1688,14,1,0,305,299,728,482
90,4,1688,15,1,0,305,306,715,445
90,4,1688,16,1,0,310,330,854,349
90,4,1688,17,1,0,318,328,718,643
90,5,1534,1,4,4,297,165,971,449
90,5,1534,2,2,2,297,183,786,361
90,5,1534,3,3,3,297,174,1299,441
90,5,1534,4,1,0,300,152,652,600
90,5,1534,5,1,0,301,180,624,247
90,5,1534,6,1,0,304,158,759,302
90,5,1534,7,1,0,305,172,845,473
90,5,1534,8,1,0,309,162,756,248
90,5,1534,9,1,0,311,160,804,127
90,5,1534,10,1,0,327,196,753,710
90,5,1534,11,4,4,331,170,1248,535
90,5,1534,12,1,0,342,177,633,269
90,6,1611,1,1,0,335,343,671,298
90,6,1611,2,1,0,335,352,675,458
90,6,1611,3,1,0,337,347,654,584
90,6,1611,4,1,0,338,354,681,364
90,6,1611,5,1,0,340,334,1076,594
90,6,1611,6,1,0,341,348,680,612
90,6,1611,7,1,0,345,350,638,241
90,6,1611,8,1,0,353,338,664,63
90,6,1611,9,1,0,355,316,675,529
90,6,1611,10,1,0,356,312,610,627
90,6,1611,11,1,0,359,308,686,471
90,6,1611,12,4,5,363,302,662,487
90,6,1611,13,1,0,363,354,626,77
90,6,1611,14,1,0,364,304,683,857
90,6,1611,15,3,3,365,352,733,290
90,6,1611,16,2,3,368,306,741,525
90,6,1611,17,1,0,370,332,774,363
90,6,1611,18,1,0,370,340,859,127
90,6,1611,19,1,0,372,298,661,603
90,6,1611,20,1,0,372,339,625,475
90,6,1611,21,1,0,379,292,633,397
90,6,1611,22,1,0,379,305,755,502
91,1,2192,1,1,0,204,323,944,861
91,1,2192,2,1,0,206,300,1184,786
91,1,2192,3,1,0,208,293,933,983
91,1,2192,4,1,0,208,308,1241,902
91,1,2192,5,1,0,209,284,1007,375
91,1,2192,6,1,0,211,280,991,568
91,1,2192,7,9,15,214,280,1216,915
91,1,2192,8,1,0,212,291,1440,1295
91,1,2192,9,2,2,214,285,1510,976
91,1,2192,10,2,2,214,298,982,796
91,1,2192,11,2,2,214,307,1455,976
91,1,2192,12,1,0,214,262,1268,469
91,1,2192,13,1,0,214,288,954,469
91,1,2192,14,11,14,217,287,1254,887
91,1,2192,15,1,0,217,281,1660,1375
91,1,2192,16,1,0,217,297,934,718
91,1,2192,17,1,0,218,277,1000,366
91,1,2192,18,1,0,220,284,1177,515
91,1,2192,19,3,3,221,294,1362,685
91,1,2192,20,1,0,222,285,942,238
91,1,2192,21,1,0,224,280,1289,455
91,1,2192,22,1,0,224,297,1207,948
91,1,2192,23,1,0,226,300,1677,915
91,1,2192,24,1,0,228,273,935,817
91,1,2192,25,4,6,229,289,1487,840
91,1,2192,26,1,0,232,281,937,735
91,1,2192,27,1,0,232,287,1196,848
91,1,2192,28,1,0,233,279,943,756
91,1,2192,29,1,0,234,276,988,644
91,1,2192,30,1,0,234,281,956,640
91,1,2192,31,1,0,234,290,994,808
91,1,2192,32,1,0,235,294,971,583
91,1,2192,33,1,0,239,292,1057,378
91,1,2192,34,2,2,244,304,997,506
91,2,2891,1,2,2,265,365,1770,1139
91,2,2891,2,1,0,265,370,1961,1155
91,2,2891,3,1,0,266,349,1494,0
91,2,2891,4,1,0,268,366,1583,1058
91,2,2891,5,3,5,269,368,2124,1069
91,2,2891,6,1,0,270,346,1500,849
91,2,2891,7,1,0,273,345,1437,979
91,2,2891,8,1,0,273,367,1677,1041
91,2,2891,9,1,0,275,362,1855,842
91,2,2891,10,3,3,276,343,2127,884
91,2,2891,11,1,0,276,370,2027,1384
91,2,2891,12,1,0,277,373,2424,1372
91,2,2891,13,1,0,278,369,1444,481
91,2,2891,14,3,4,280,364,1740,1171
91,2,2891,15,4,8,282,370,1619,857
91,2,2891,16,1,0,288,374,1471,707
91,2,2891,17,2,2,293,362,2415,1344
91,2,2891,18,1,0,296,367,1695,1184
91,3,1849,1,1,0,250,177,1201,635
91,3,1849,2,1,0,272,178,1428,149
91,3,1849,3,2,2,274,181,1295,540
91,3,1849,4,1,0,274,177,952,152
91,3,1849,5,1,0,276,181,1401,912
91,3,1849,6,6,9,279,175,1371,628
91,3,1849,7,1,0,277,179,984,516
91,3,1849,8,5,8,280,180,1188,566
91,3,1849,9,2,2,280,169,1106,813
91,3,1849,10,3,3,282,183,1106,236
91,3,1849,11,2,2,284,174,1204,512
91,4,1705,1,1,0,256,282,745,353
91,4,1705,2,1,0,259,279,761,546
91,4,1705,3,1,0,261,281,830,456
91,4,1705,4,1,0,261,285,843,356
91,4,1705,5,1,0,264,287,746,408
91,4,1705,6,1,0,265,284,737,402
91,4,1705,7,1,0,269,294,744,582
91,4,1705,8,1,0,273,297,738,473
91,4,1705,9,1,0,274,293,762,693
91,4,1705,10,1,0,274,302,819,327
91,4,1705,11,1,0,280,285,880,569
91,4,1705,12,3,3,283,290,871,613
91,4,1705,13,1,0,287,297,831,237
91,4,1705,14,1,0,291,288,808,507
91,4,1705,15,1,0,293,293,787,532
91,4,1705,16,2,2,299,298,838,530
91,4,1705,17,3,4,302,299,1146,375
91,4,1705,18,1,0,305,301,732,482
91,4,1705,19,1,0,308,300,728,152
91,4,1705,20,1,0,310,300,727,248
91,4,1705,21,1,0,317,306,802,386
91,5,1590,1,7,7,297,174,897,332
91,5,1590,2,3,3,297,164,855,310
91,5,1590,3,2,2,301,169,921,296
91,5,1590,4,1,0,303,170,734,153
91,5,1590,5,2,3,305,158,784,398
91,5,1590,6,1,0,310,162,1057,566
91,5,1590,7,1,0,311,160,767,248
91,5,1590,8,1,0,327,196,993,742
91,5,1590,9,3,3,331,169,1388,640
91,6,1657,1,1,0,330,345,658,443
91,6,1657,2,1,0,335,336,657,645
91,6,1657,3,5,6,339,350,766,487
91,6,1657,4,1,0,339,346,745,463
91,6,1657,5,2,2,340,354,834,486
91,6,1657,6,1,0,340,334,928,502
91,6,1657,7,1,0,344,354,735,448
91,6,1657,8,1,0,345,352,796,783
91,6,1657,9,1,0,349,332,656,10
91,6,1657,10,1,0,351,314,773,0
91,6,1657,11,1,0,351,330,734,443
91,6,1657,12,1,0,353,312,784,410
91,6,1657,13,1,0,359,317,735,39
91,6,1657,14,1,0,359,345,657,247
91,6,1657,15,2,2,366,304,659,609
91,6,1657,16,1,0,365,351,840,439
91,6,1657,17,3,5,371,340,857,248
91,6,1657,18,1,0,371,337,774,518
91,6,1657,19,1,0,373,303,667,508
91,6,1657,20,1,0,375,305,668,378
92,1,2270,1,1,0,203,313,1111,499
92,1,2270,2,1,0,206,301,1033,473
92,1,2270,3,1,0,207,290,1215,1125
92,1,2270,4,2,2,209,292,1289,949
92,1,2270,5,2,2,209,307,1077,939
92,1,2270,6,5,6,212,290,1205,723
92,1,2270,7,8,11,213,281,1267,883
92,1,2270,8,1,0,213,285,1882,1361
92,1,2270,9,1,0,213,307,1608,987
92,1,2270,10,1,0,214,298,1082,1220
92,1,2270,11,1,0,215,274,1048,241
92,1,2270,12,10,19,218,287,1324,939
92,1,2270,13,1,0,216,288,996,211
92,1,2270,14,1,0,217,281,1426,984
92,1,2270,15,1,0,219,258,1115,451
92,1,2270,16,2,2,221,284,1086,858
92,1,2270,17,2,2,221,290,1143,929
92,1,2270,18,2,2,221,294,1278,869
92,1,2270,19,1,0,221,296,1362,1144
92,1,2270,20,1,0,223,276,1025,933
92,1,2270,21,1,0,223,280,1009,388
92,1,2270,22,1,0,224,297,1032,577
92,1,2270,23,3,3,226,300,1437,482
92,1,2270,24,1,0,227,265,1160,407
92,1,2270,25,2,2,228,290,1850,958
92,1,2270,26,2,2,231,289,1256,692
92,1,2270,27,2,2,233,287,1300,967
92,1,2270,28,1,0,233,280,1248,811
92,1,2270,29,1,0,234,290,1554,1330
92,1,2270,30,1,0,236,295,1410,544
92,1,2270,31,1,0,244,304,1359,881
92,2,2975,1,1,0,265,363,1585,519
92,2,2975,2,5,9,267,367,1784,1082
92,2,2975,3,1,0,265,370,1787,1086
92,2,2975,4,1,0,270,346,1701,580
92,2,2975,5,1,0,270,363,1565,826
92,2,2975,6,1,0,270,369,2248,897
92,2,2975,7,2,2,273,368,1633,929
92,2,2975,8,1,0,275,362,1543,1136
92,2,2975,9,2,2,276,343,2641,1349
92,2,2975,10,2,2,277,370,2066,1410
92,2,2975,11,2,2,278,373,2074,913
92,2,2975,12,3,4,280,364,2009,1854
92,2,2975,13,1,0,281,370,2641,879
92,2,2975,14,1,0,283,369,2056,1122
92,2,2975,15,1,0,287,341,2063,735
92,2,2975,16,1,0,289,374,1900,949
92,2,2975,17,2,2,293,362,2386,1129
92,3,1920,1,1,0,272,178,1036,198
92,3,1920,2,1,0,274,177,1129,151
92,3,1920,3,1,0,274,181,1453,646
92,3,1920,4,1,0,275,179,1080,373
92,3,1920,5,10,12,278,175,1146,560
92,3,1920,6,6,7,279,180,1192,400
92,3,1920,7,2,2,280,169,1123,474
92,3,1920,8,1,0,282,183,1147,415
92,3,1920,9,3,5,284,174,1140,318
92,4,1697,1,1,0,256,276,826,336
92,4,1697,2,1,0,258,281,886,503
92,4,1697,3,2,2,265,281,813,877
92,4,1697,4,1,0,265,288,718,310
92,4,1697,5,2,2,267,294,785,409
92,4,1697,6,1,0,273,292,742,447
92,4,1697,7,1,0,274,302,789,556
92,4,1697,8,1,0,276,288,740,587
92,4,1697,9,1,0,277,293,827,750
92,4,1697,10,3,4,282,290,821,374
92,4,1697,11,1,0,291,288,761,440
92,4,1697,12,1,0,298,294,723,415
92,4,1697,13,1,0,298,298,731,659
92,4,1697,14,1,0,300,293,725,424
92,4,1697,15,1,0,300,295,805,388
92,4,1697,16,3,4,301,299,1112,451
92,4,1697,17,1,0,307,311,842,163
92,4,1697,18,1,0,310,298,1007,749
92,4,1697,19,1,0,313,311,793,135
92,4,1697,20,1,0,315,328,733,222
92,5,1598,1,1,0,295,165,695,570
92,5,1598,2,1,0,296,149,716,501
92,5,1598,3,1,0,297,166,903,501
92,5,1598,4,4,5,297,173,1228,638
92,5,1598,5,1,0,298,152,756,19
92,5,1598,6,1,0,300,151,698,201
92,5,1598,7,1,0,300,155,685,499
92,5,1598,8,1,0,301,168,891,575
92,5,1598,9,1,0,304,157,934,276
92,5,1598,10,1,0,309,162,697,420
92,5,1598,11,1,0,311,160,860,243
92,5,1598,12,1,0,312,158,745,526
92,5,1598,13,1,0,327,196,879,631
92,5,1598,14,5,5,331,170,1071,632
92,6,1629,1,1,0,337,344,638,533
92,6,1629,2,1,0,338,348,650,469
92,6,1629,3,3,5,339,342,662,305
92,6,1629,4,1,0,343,336,640,210
92,6,1629,5,1,0,344,350,771,418
92,6,1629,6,1,0,344,352,833,112
92,6,1629,7,2,2,345,354,787,677
92,6,1629,8,1,0,345,333,807,292
92,6,1629,9,1,0,353,312,839,497
92,6,1629,10,1,0,356,309,642,656
92,6,1629,11,3,5,359,309,657,482
92,6,1629,12,1,0,358,311,665,197
92,6,1629,13,1,0,362,303,881,346
92,6,1629,14,1,0,364,323,721,200
92,6,1629,15,1,0,365,304,734,521
92,6,1629,16,2,3,367,299,735,435
92,6,1629,17,2,2,371,339,707,280
92,6,1629,18,1,0,374,304,688,288
92,6,1629,19,1,0,375,331,643,93
92,6,1629,20,1,0,379,293,662,175
92,6,1629,21,1,0,379,301,642,427
93,1,2208,1,1,0,197,309,936,205
93,1,2208,2,1,0,206,292,1235,1044
93,1,2208,3,1,0,206,300,933,553
93,1,2208,4,2,3,209,293,1420,1145
93,1,2208,5,2,2,209,307,1167,1136
93,1,2208,6,1,0,209,284,987,435
93,1,2208,7,1,0,212,264,932,467
93,1,2208,8,4,8,213,290,1193,646
93,1,2208,9,10,16,214,283,1261,949
93,1,2208,10,2,2,213,308,1311,1068
93,1,2208,11,1,0,213,326,934,618
93,1,2208,12,2,2,215,274,1035,600
93,1,2208,13,1,0,214,297,990,632
93,1,2208,14,1,0,216,278,1123,1022
93,1,2208,15,8,15,218,287,1308,1007
93,1,2208,16,1,0,217,280,1026,364
93,1,2208,17,1,0,217,282,1228,869
93,1,2208,18,1,0,220,258,1002,588
93,1,2208,19,1,0,220,284,978,943
93,1,2208,20,2,3,221,294,1203,624
93,1,2208,21,1,0,221,289,1274,831
93,1,2208,22,1,0,223,276,1089,1043
93,1,2208,23,1,0,224,297,1543,483
93,1,2208,24,1,0,225,262,968,555
93,1,2208,25,3,3,226,300,1325,893
93,1,2208,26,1,0,228,279,1060,947
93,1,2208,27,1,0,228,282,932,744
93,1,2208,28,2,2,228,290,2061,639
93,1,2208,29,2,2,231,289,1748,992
93,1,2208,30,1,0,231,271,1004,721
93,1,2208,31,1,0,232,287,1525,1074
93,1,2208,32,2,2,234,290,1398,1270
93,1,2208,33,1,0,244,304,1199,599
93,2,2766,1,1,0,251,363,1594,719
93,2,2766,2,3,5,265,364,1880,871
93,2,2766,3,4,6,268,368,1822,789
93,2,2766,4,2,2,270,346,1804,676
93,2,2766,5,1,0,273,368,2221,1091
93,2,2766,6,1,0,275,362,1924,717
93,2,2766,7,2,2,277,343,2375,1017
93,2,2766,8,2,2,277,370,2000,1314
93,2,2766,9,1,0,278,373,1914,1328
93,2,2766,10,3,4,280,364,1839,1191
93,2,2766,11,4,5,281,370,1582,966
93,2,2766,12,1,0,289,369,1311,1115
93,2,2766,13,2,2,293,362,2167,1265
93,2,2766,14,1,0,296,367,1486,956
93,3,1903,1,1,0,272,180,1090,726
93,3,1903,2,2,2,275,177,1072,543
93,3,1903,3,1,0,274,181,1739,504
93,3,1903,4,1,0,276,179,1017,101
93,3,1903,5,2,2,277,181,1154,209
93,3,1903,6,8,10,279,174,1210,529
93,3,1903,7,4,5,279,180,1236,676
93,3,1903,8,2,3,280,170,1214,493
93,3,1903,9,1,0,281,184,1044,479
93,3,1903,10,1,0,284,172,1031,526
93,3,1903,11,3,3,284,175,1378,335
93,4,1666,1,1,0,260,288,770,306
93,4,1666,2,1,0,262,285,699,664
93,4,1666,3,1,0,265,284,699,266
93,4,1666,4,1,0,265,292,684,489
93,4,1666,5,1,0,266,280,715,618
93,4,1666,6,1,0,267,276,835,23
93,4,1666,7,2,3,270,286,782,528
93,4,1666,8,1,0,272,291,705,499
93,4,1666,9,1,0,274,292,707,707
93,4,1666,10,1,0,277,286,780,539
93,4,1666,11,1,0,277,293,774,722
93,4,1666,12,1,0,278,290,697,356
93,4,1666,13,1,0,282,290,1056,424
93,4,1666,14,1,0,296,321,837,205
93,4,1666,15,3,5,298,297,801,475
93,4,1666,16,1,0,300,293,790,377
93,4,1666,17,3,5,302,299,883,450
93,4,1666,18,1,0,306,316,688,0
93,4,1666,19,1,0,308,298,725,176
93,4,1666,20,1,0,314,326,687,684
93,4,1666,21,1,0,316,328,811,660
93,5,1602,1,2,3,297,164,786,420
93,5,1602,2,5,5,297,173,1221,419
93,5,1602,3,1,0,298,183,689,145
93,5,1602,4,1,0,303,167,746,524
93,5,1602,5,2,2,305,172,889,367
93,5,1602,6,1,0,305,157,936,480
93,5,1602,7,3,3,310,162,795,304
93,5,1602,8,1,0,311,159,843,354
93,5,1602,9,4,4,331,170,1145,515
93,5,1602,10,1,0,345,180,709,151
93,6,1633,1,1,0,339,334,725,235
93,6,1633,2,1,0,339,347,722,804
93,6,1633,3,1,0,339,351,661,290
93,6,1633,4,2,2,352,314,893,495
93,6,1633,5,2,2,353,312,782,436
93,6,1633,6,1,0,356,342,664,156
93,6,1633,7,1,0,357,312,793,758
93,6,1633,8,1,0,359,303,961,68
93,6,1633,9,1,0,359,308,755,294
93,6,1633,10,1,0,361,343,644,131
93,6,1633,11,1,0,362,303,702,427
93,6,1633,12,1,0,362,305,735,290
93,6,1633,13,1,0,363,297,718,545
93,6,1633,14,1,0,363,354,681,119
93,6,1633,15,1,0,365,303,761,506
93,6,1633,16,2,3,370,324,635,184
93,6,1633,17,1,0,370,339,820,586
93,6,1633,18,1,0,371,298,683,423
93,6,1633,19,1,0,372,295,787,424
93,6,1633,20,2,2,373,339,900,201
93,6,1633,21,1,0,375,302,787,408
93,6,1633,22,1,0,377,291,723,406
93,6,1633,23,1,0,379,304,723,673
93,6,1633,24,1,0,380,297,692,471
94,1,2265,1,2,2,207,291,1323,1039
94,1,2265,2,2,3,207,301,1051,410
94,1,2265,3,2,2,209,293,1132,768
94,1,2265,4,1,0,208,307,1330,924
94,1,2265,5,1,0,211,292,1146,712
94,1,2265,6,14,19,213,282,1268,786
94,1,2265,7,2,3,214,289,1088,807
94,1,2265,8,1,0,213,307,1684,1389
94,1,2265,9,1,0,214,291,1085,449
94,1,2265,10,1,0,215,274,1036,331
94,1,2265,11,1,0,215,294,1266,739
94,1,2265,12,1,0,216,281,1169,1180
94,1,2265,13,1,0,217,286,1903,860
94,1,2265,14,1,0,218,284,1272,793
94,1,2265,15,6,6,219,289,1372,946
94,1,2265,16,1,0,220,284,1361,910
94,1,2265,17,2,2,221,294,1342,828
94,1,2265,18,1,0,221,296,1017,522
94,1,2265,19,1,0,224,290,1153,731
94,1,2265,20,2,2,225,297,1027,729
94,1,2265,21,3,3,226,301,1722,588
94,1,2265,22,1,0,226,294,1003,525
94,1,2265,23,2,2,228,290,1395,696
94,1,2265,24,1,0,229,272,1045,680
94,1,2265,25,4,7,231,288,1207,813
94,1,2265,26,1,0,233,280,1232,762
94,1,2265,27,1,0,234,290,1336,1259
94,1,2265,28,1,0,237,286,1377,917
94,1,2265,29,1,0,238,273,1132,927
94,1,2265,30,1,0,238,299,1256,518
94,1,2265,31,1,0,244,304,1219,796
94,2,2767,1,4,6,265,365,1537,948
94,2,2767,2,1,0,267,362,1305,500
94,2,2767,3,3,3,268,367,1750,800
94,2,2767,4,1,0,270,346,2485,794
94,2,2767,5,1,0,270,370,2274,874
94,2,2767,6,1,0,273,368,1343,1177
94,2,2767,7,1,0,274,346,2345,1495
94,2,2767,8,1,0,275,362,1384,548
94,2,2767,9,3,3,276,343,2167,896
94,2,2767,10,2,2,277,370,1953,1064
94,2,2767,11,1,0,278,373,1775,892
94,2,2767,12,2,2,280,364,1774,1344
94,2,2767,13,1,0,281,342,1809,1199
94,2,2767,14,1,0,281,370,2186,1133
94,2,2767,15,1,0,283,368,1314,985
94,2,2767,16,1,0,287,341,1487,716
94,2,2767,17,1,0,289,374,1521,803
94,2,2767,18,2,2,293,362,1730,1201
94,3,1848,1,12,20,277,175,1265,642
94,3,1848,2,1,0,274,181,1495,738
94,3,1848,3,6,9,278,181,1372,566
94,3,1848,4,2,2,280,169,1093,411
94,3,1848,5,1,0,279,176,1417,349
94,3,1848,6,1,0,283,171,1000,345
94,3,1848,7,2,2,284,175,1482,539
94,4,1657,1,1,0,256,275,727,460
94,4,1657,2,1,0,258,280,692,419
94,4,1657,3,1,0,260,277,707,397
94,4,1657,4,1,0,260,281,686,567
94,4,1657,5,1,0,260,284,685,617
94,4,1657,6,1,0,264,291,930,321
94,4,1657,7,2,2,265,293,739,546
94,4,1657,8,1,0,265,289,763,896
94,4,1657,9,2,2,269,293,728,314
94,4,1657,10,1,0,270,290,737,420
94,4,1657,11,1,0,274,292,717,402
94,4,1657,12,1,0,275,282,794,823
94,4,1657,13,1,0,277,293,827,509
94,4,1657,14,1,0,281,282,707,438
94,4,1657,15,1,0,282,290,970,525
94,4,1657,16,1,0,293,293,801,85
94,4,1657,17,5,10,300,298,922,494
94,4,1657,18,1,0,300,293,897,644
94,4,1657,19,1,0,308,309,723,498
94,4,1657,20,1,0,322,324,743,280
94,5,1678,1,2,2,297,164,991,682
94,5,1678,2,2,3,298,155,822,505
94,5,1678,3,4,5,297,173,1277,504
94,5,1678,4,1,0,303,167,1218,239
94,5,1678,5,1,0,305,157,917,669
94,5,1678,6,1,0,308,159,763,246
94,5,1678,7,1,0,310,159,792,0
94,5,1678,8,2,2,310,163,928,538
94,5,1678,9,2,2,314,163,1039,184
94,5,1678,10,1,0,327,196,849,865
94,5,1678,11,4,4,331,170,1179,629
94,6,1646,1,1,0,331,345,733,688
94,6,1646,2,1,0,333,339,716,375
94,6,1646,3,1,0,336,345,701,576
94,6,1646,4,1,0,339,346,655,739
94,6,1646,5,1,0,343,341,743,394
94,6,1646,6,1,0,351,314,1035,191
94,6,1646,7,1,0,352,325,653,210
94,6,1646,8,2,2,353,312,668,485
94,6,1646,9,1,0,356,309,754,387
94,6,1646,10,1,0,356,312,713,446
94,6,1646,11,1,0,359,329,653,590
94,6,1646,12,1,0,360,310,693,277
94,6,1646,13,1,0,362,302,741,490
94,6,1646,14,1,0,363,296,652,430
94,6,1646,15,1,0,364,302,894,600
94,6,1646,16,2,2,365,304,801,616
94,6,1646,17,2,2,366,331,717,264
94,6,1646,18,1,0,365,348,762,70
94,6,1646,19,1,0,365,350,800,365
94,6,1646,20,1,0,370,309,714,573
94,6,1646,21,1,0,371,324,724,422
94,6,1646,22,1,0,372,339,928,525
94,6,1646,23,1,0,373,306,703,396
94,6,1646,24,1,0,375,297,671,439
94,6,1646,25,1,0,379,302,684,293
95,1,2259,1,2,2,206,292,1209,1002
95,1,2259,2,1,0,207,300,1296,691
95,1,2259,3,1,0,208,293,1836,1170
95,1,2259,4,8,10,213,290,1210,988
95,1,2259,5,9,13,213,281,1325,830
95,1,2259,6,4,6,214,285,1374,873
95,1,2259,7,1,0,213,306,1754,1823
95,1,2259,8,1,0,214,274,1510,1040
95,1,2259,9,2,2,215,296,1114,665
95,1,2259,10,2,2,217,281,1214,1256
95,1,2259,11,8,13,218,288,1282,970
95,1,2259,12,1,0,220,284,1190,873
95,1,2259,13,2,2,221,290,1413,796
95,1,2259,14,2,2,221,294,1220,1020
95,1,2259,15,1,0,221,296,1009,648
95,1,2259,16,1,0,224,277,1056,550
95,1,2259,17,1,0,224,297,1839,453
95,1,2259,18,3,3,225,301,1876,874
95,1,2259,19,2,2,228,278,1437,1079
95,1,2259,20,1,0,228,289,1822,1098
95,1,2259,21,2,2,230,289,1636,918
95,1,2259,22,1,0,232,287,1675,1008
95,1,2259,23,2,2,234,290,1228,1092
95,1,2259,24,1,0,236,285,1345,961
95,1,2259,25,1,0,239,301,1480,598
95,1,2259,26,1,0,245,305,1083,771
95,2,2827,1,1,0,252,364,1637,1364
95,2,2827,2,3,3,264,365,1986,1196
95,2,2827,3,1,0,268,368,1689,950
95,2,2827,4,1,0,270,346,1879,889
95,2,2827,5,1,0,270,370,1398,691
95,2,2827,6,1,0,272,345,1384,588
95,2,2827,7,1,0,273,368,2288,1488
95,2,2827,8,2,2,275,362,1705,953
95,2,2827,9,3,3,276,343,2177,925
95,2,2827,10,2,2,277,370,2394,1158
95,2,2827,11,1,0,278,373,1717,1287
95,2,2827,12,3,3,279,364,1744,1410
95,2,2827,13,3,3,281,370,1561,891
95,2,2827,14,1,0,283,368,2074,1378
95,2,2827,15,1,0,289,374,1793,723
95,2,2827,16,1,0,290,369,1713,785
95,2,2827,17,2,2,293,362,2387,1132
95,3,1843,1,1,0,273,158,963,345
95,3,1843,2,13,21,278,175,1184,579
95,3,1843,3,3,4,275,181,1077,636
95,3,1843,4,4,5,279,180,1437,651
95,3,1843,5,2,3,280,170,1301,425
95,3,1843,6,1,0,279,184,936,710
95,3,1843,7,2,2,284,174,1293,773
95,4,1683,1,1,0,261,280,790,457
95,4,1683,2,1,0,261,286,1041,735
95,4,1683,3,1,0,262,275,708,515
95,4,1683,4,1,0,264,288,867,347
95,4,1683,5,1,0,266,281,725,401
95,4,1683,6,1,0,266,294,729,681
95,4,1683,7,1,0,268,290,728,358
95,4,1683,8,1,0,268,295,726,504
95,4,1683,9,2,3,274,294,811,561
95,4,1683,10,1,0,274,303,1090,241
95,4,1683,11,1,0,278,285,698,729
95,4,1683,12,1,0,282,290,1174,322
95,4,1683,13,1,0,286,292,854,43
95,4,1683,14,1,0,290,301,698,375
95,4,1683,15,1,0,291,288,939,450
95,4,1683,16,1,0,293,294,752,512
95,4,1683,17,2,2,300,296,860,459
95,4,1683,18,5,8,301,299,1067,466
95,4,1683,19,1,0,317,327,830,474
95,4,1683,20,1,0,322,323,745,432
95,5,1539,1,1,0,295,154,679,378
95,5,1539,2,1,0,296,156,704,158
95,5,1539,3,2,2,297,165,695,429
95,5,1539,4,6,6,298,173,915,435
95,5,1539,5,1,0,301,159,804,0
95,5,1539,6,1,0,308,160,755,439
95,5,1539,7,1,0,309,157,704,183
95,5,1539,8,1,0,310,160,626,13
95,5,1539,9,1,0,311,157,671,324
95,5,1539,10,2,2,322,164,692,410
95,5,1539,11,4,4,331,170,1194,702
95,6,1608,1,1,0,331,343,663,283
95,6,1608,2,1,0,332,341,638,486
95,6,1608,3,1,0,338,344,668,237
95,6,1608,4,1,0,341,349,616,530
95,6,1608,5,1,0,343,342,612,24
95,6,1608,6,1,0,346,354,641,522
95,6,1608,7,1,0,351,314,718,91
95,6,1608,8,1,0,355,341,619,387
95,6,1608,9,1,0,357,309,1172,795
95,6,1608,10,1,0,357,312,736,524
95,6,1608,11,1,0,359,309,651,535
95,6,1608,12,2,2,365,351,782,206
95,6,1608,13,2,2,368,303,694,374
95,6,1608,14,1,0,368,348,609,201
95,6,1608,15,1,0,369,344,685,0
95,6,1608,16,4,8,372,339,798,266
95,6,1608,17,2,2,371,298,703,614
95,6,1608,18,1,0,371,344,768,108
95,6,1608,19,1,0,376,289,726,136
95,6,1608,20,1,0,376,294,626,689
95,6,1608,21,2,2,379,304,674,437
96,1,2238,1,1,0,207,291,1213,1200
96,1,2238,2,1,0,207,300,1044,481
96,1,2238,3,4,4,209,294,1164,957
96,1,2238,4,1,0,209,283,1016,551
96,1,2238,5,8,13,213,289,1368,987
96,1,2238,6,6,8,213,281,1251,986
96,1,2238,7,2,2,213,305,1133,599
96,1,2238,8,1,0,213,284,1259,918
96,1,2238,9,2,2,214,286,1581,1172
96,1,2238,10,1,0,214,297,1219,858
96,1,2238,11,2,2,217,281,1212,892
96,1,2238,12,7,10,218,288,1228,974
96,1,2238,13,1,0,218,284,1674,1032
96,1,2238,14,1,0,220,284,1591,460
96,1,2238,15,1,0,221,290,1268,886
96,1,2238,16,1,0,221,294,1352,1179
96,1,2238,17,1,0,224,291,1480,926
96,1,2238,18,1,0,224,303,976,856
96,1,2238,19,1,0,225,293,1005,704
96,1,2238,20,3,3,225,301,1637,702
96,1,2238,21,3,3,227,280,1095,811
96,1,2238,22,1,0,228,289,2788,1471
96,1,2238,23,1,0,229,334,1111,305
96,1,2238,24,2,2,232,286,1209,859
96,1,2238,25,1,0,231,288,1197,1218
96,1,2238,26,2,2,234,290,1627,1374
96,1,2238,27,1,0,235,282,1000,914
96,1,2238,28,1,0,236,286,1196,1095
96,1,2238,29,2,2,240,301,1004,518
96,2,2801,1,1,0,252,364,1848,1239
96,2,2801,2,1,0,260,363,1564,591
96,2,2801,3,1,0,264,364,2521,1009
96,2,2801,4,3,6,268,367,1729,891
96,2,2801,5,1,0,270,346,2152,1307
96,2,2801,6,2,2,273,368,1757,1017
96,2,2801,7,1,0,274,362,1868,1005
96,2,2801,8,3,3,276,343,1927,836
96,2,2801,9,2,2,277,370,2024,1189
96,2,2801,10,1,0,278,373,2573,1261
96,2,2801,11,3,3,280,364,2011,1437
96,2,2801,12,3,3,282,371,1651,921
96,2,2801,13,2,2,284,368,1590,963
96,2,2801,14,1,0,286,341,1615,810
96,2,2801,15,2,2,293,362,1979,1073
96,2,2801,16,1,0,293,357,1518,614
96,3,1907,1,1,0,272,179,1081,167
96,3,1907,2,10,17,277,175,1266,592
96,3,1907,3,3,5,275,181,1209,519
96,3,1907,4,3,4,279,180,1641,693
96,3,1907,5,1,0,279,169,1196,502
96,3,1907,6,1,0,279,176,1288,202
96,3,1907,7,1,0,279,184,1060,772
96,3,1907,8,5,9,284,173,1300,491
96,4,1659,1,1,0,259,288,727,200
96,4,1659,2,2,3,261,278,802,476
96,4,1659,3,1,0,265,280,853,677
96,4,1659,4,1,0,265,288,834,815
96,4,1659,5,1,0,269,284,690,718
96,4,1659,6,1,0,270,290,738,630
96,4,1659,7,2,3,273,292,727,523
96,4,1659,8,1,0,274,303,1069,179
96,4,1659,9,1,0,276,286,787,458
96,4,1659,10,1,0,277,293,732,819
96,4,1659,11,1,0,282,290,897,339
96,4,1659,12,1,0,289,320,852,442
96,4,1659,13,2,2,291,288,896,392
96,4,1659,14,1,0,293,293,720,317
96,4,1659,15,7,12,300,298,864,439
96,4,1659,16,1,0,310,298,740,333
96,4,1659,17,1,0,319,324,755,719
96,5,1536,1,1,0,294,156,767,589
96,5,1536,2,4,5,297,165,779,507
96,5,1536,3,1,0,297,157,632,499
96,5,1536,4,4,4,298,174,842,198
96,5,1536,5,1,0,299,161,656,332
96,5,1536,6,2,3,304,168,698,217
96,5,1536,7,1,0,312,180,620,133
96,5,1536,8,1,0,313,161,732,194
96,5,1536,9,1,0,313,163,1128,563
96,5,1536,10,1,0,320,162,700,374
96,5,1536,11,1,0,327,195,930,392
96,5,1536,12,4,4,331,170,1128,703
96,6,1661,1,1,0,331,348,687,421
96,6,1661,2,1,0,331,350,823,341
96,6,1661,3,1,0,337,347,672,409
96,6,1661,4,1,0,339,341,668,52
96,6,1661,5,1,0,339,346,740,407
96,6,1661,6,1,0,340,348,754,178
96,6,1661,7,2,2,341,351,708,340
96,6,1661,8,1,0,342,345,714,187
96,6,1661,9,1,0,349,342,679,232
96,6,1661,10,1,0,352,313,710,133
96,6,1661,11,1,0,353,311,832,249
96,6,1661,12,2,2,357,309,808,237
96,6,1661,13,1,0,359,309,669,306
96,6,1661,14,1,0,363,303,798,335
96,6,1661,15,1,0,364,295,669,330
96,6,1661,16,1,0,364,298,752,340
96,6,1661,17,1,0,366,353,817,26
96,6,1661,18,1,0,370,339,889,243
96,6,1661,19,1,0,370,344,834,156
96,6,1661,20,1,0,373,338,702,312
96,6,1661,21,1,0,374,292,668,349
96,6,1661,22,1,0,376,330,694,348
96,6,1661,23,1,0,377,298,739,430
96,6,1661,24,1,0,377,326,685,0
96,6,1661,25,1,0,378,295,892,265
96,6,1661,26,1,0,379,315,842,471
97,1,2185,1,1,0,198,300,974,218
97,1,2185,2,1,0,206,300,1125,853
97,1,2185,3,1,0,208,290,1234,794
97,1,2185,4,1,0,208,293,937,920
97,1,2185,5,1,0,209,287,949,252
97,1,2185,6,1,0,210,294,1053,1144
97,1,2185,7,1,0,210,297,921,0
97,1,2185,8,7,9,213,281,1157,1019
97,1,2185,9,5,7,213,289,1684,1263
97,1,2185,10,3,3,213,285,1521,794
97,1,2185,11,1,0,214,274,961,548
97,1,2185,12,1,0,214,297,1240,961
97,1,2185,13,1,0,215,294,1222,536
97,1,2185,14,2,2,217,281,1140,1154
97,1,2185,15,4,5,217,286,1013,749
97,1,2185,16,4,7,220,284,1137,654
97,1,2185,17,5,5,219,289,1487,856
97,1,2185,18,4,6,221,294,1118,552
97,1,2185,19,2,2,221,290,1353,1288
97,1,2185,20,1,0,224,291,930,434
97,1,2185,21,1,0,224,303,1267,911
97,1,2185,22,2,2,225,301,1662,1133
97,1,2185,23,1,0,226,261,1044,521
97,1,2185,24,1,0,228,281,1814,787
97,1,2185,25,1,0,228,289,1915,1116
97,1,2185,26,1,0,230,269,945,484
97,1,2185,27,1,0,231,286,941,403
97,1,2185,28,1,0,233,290,1369,1124
97,1,2185,29,1,0,236,264,918,331
97,1,2185,30,1,0,237,287,1340,934
97,1,2185,31,1,0,237,289,955,401
97,1,2185,32,1,0,238,292,1418,391
97,1,2185,33,1,0,245,306,1425,727
97,2,2735,1,3,5,267,367,2087,999
97,2,2735,2,1,0,270,346,1354,1011
97,2,2735,3,1,0,272,345,1512,520
97,2,2735,4,1,0,272,368,1359,815
97,2,2735,5,1,0,274,362,2119,964
97,2,2735,6,1,0,274,370,1589,710
97,2,2735,7,3,3,276,343,1992,720
97,2,2735,8,2,2,277,370,1479,1135
97,2,2735,9,1,0,278,340,1282,770
97,2,2735,10,1,0,278,373,2316,1423
97,2,2735,11,6,7,280,364,1682,1118
97,2,2735,12,4,7,283,370,1689,957
97,2,2735,13,1,0,283,344,1365,447
97,2,2735,14,2,2,293,362,2128,946
97,3,1920,1,1,0,273,178,1034,218
97,3,1920,2,2,2,275,181,1418,665
97,3,1920,3,10,15,277,175,1235,688
97,3,1920,4,5,8,279,180,1266,468
97,3,1920,5,2,3,279,170,1309,467
97,3,1920,6,1,0,280,184,1177,874
97,3,1920,7,1,0,281,175,1017,598
97,3,1920,8,3,5,283,173,1353,425
97,3,1920,9,1,0,283,171,1263,483
97,4,1660,1,1,0,258,282,794,262
97,4,1660,2,1,0,258,287,707,463
97,4,1660,3,1,0,259,285,713,460
97,4,1660,4,1,0,260,278,858,610
97,4,1660,5,2,3,263,278,742,638
97,4,1660,6,1,0,263,280,732,701
97,4,1660,7,1,0,270,290,692,153
97,4,1660,8,1,0,274,301,784,320
97,4,1660,9,1,0,275,295,731,638
97,4,1660,10,1,0,279,290,808,662
97,4,1660,11,1,0,281,290,920,286
97,4,1660,12,1,0,284,283,710,457
97,4,1660,13,1,0,290,288,1006,130
97,4,1660,14,1,0,294,293,691,438
97,4,1660,15,2,2,300,293,852,407
97,4,1660,16,6,7,300,299,911,492
97,4,1660,17,1,0,305,301,756,316
97,4,1660,18,1,0,309,314,689,265
97,4,1660,19,1,0,311,302,688,160
97,5,1510,1,1,0,294,158,715,650
97,5,1510,2,2,2,297,166,828,404
97,5,1510,3,3,4,297,173,1137,503
97,5,1510,4,1,0,303,167,1386,490
97,5,1510,5,1,0,305,172,974,322
97,5,1510,6,1,0,307,163,659,11
97,5,1510,7,1,0,311,183,622,373
97,5,1510,8,2,2,314,163,824,411
97,5,1510,9,6,6,331,170,843,498
97,5,1510,10,1,0,340,190,696,383
97,5,1510,11,1,0,341,177,608,107
97,5,1510,12,1,0,343,179,731,560
97,6,1622,1,2,3,332,345,719,439
97,6,1622,2,1,0,338,346,752,377
97,6,1622,3,1,0,340,349,895,738
97,6,1622,4,1,0,344,347,624,336
97,6,1622,5,2,3,345,353,855,543
97,6,1622,6,2,2,352,314,818,223
97,6,1622,7,1,0,353,311,655,403
97,6,1622,8,1,0,353,356,706,417
97,6,1622,9,1,0,359,308,646,786
97,6,1622,10,1,0,361,326,648,675
97,6,1622,11,1,0,364,297,720,435
97,6,1622,12,1,0,364,299,786,138
97,6,1622,13,2,3,365,304,720,482
97,6,1622,14,1,0,365,351,775,564
97,6,1622,15,1,0,366,333,623,133
97,6,1622,16,1,0,368,308,652,316
97,6,1622,17,1,0,369,324,688,354
97,6,1622,18,2,2,371,339,966,562
97,6,1622,19,1,0,371,297,711,569
97,6,1622,20,1,0,371,342,759,403
97,6,1622,21,2,2,374,303,685,441
97,6,1622,22,1,0,381,298,721,427
98,1,2206,1,3,6,209,292,1096,610
98,1,2206,2,8,10,213,289,1401,907
98,1,2206,3,1,0,211,307,1025,457
98,1,2206,4,7,9,213,281,1242,1045
98,1,2206,5,4,4,214,286,1569,989
98,1,2206,6,1,0,215,294,1061,859
98,1,2206,7,1,0,216,275,1018,562
98,1,2206,8,1,0,216,281,1282,1089
98,1,2206,9,1,0,216,286,1219,812
98,1,2206,10,1,0,218,265,941,325
98,1,2206,11,1,0,218,283,2177,802
98,1,2206,12,4,5,219,289,1345,923
98,1,2206,13,2,2,221,290,973,840
98,1,2206,14,3,3,221,294,1353,754
98,1,2206,15,1,0,221,297,1239,592
98,1,2206,16,1,0,222,284,997,758
98,1,2206,17,1,0,224,303,1493,629
98,1,2206,18,1,0,225,287,967,745
98,1,2206,19,3,3,225,301,1622,896
98,1,2206,20,1,0,228,281,1664,973
98,1,2206,21,1,0,228,288,1984,1222
98,1,2206,22,1,0,229,272,939,1146
98,1,2206,23,1,0,232,286,1272,1282
98,1,2206,24,8,8,233,289,1121,865
98,1,2206,25,1,0,236,267,967,429
98,1,2206,26,1,0,238,292,1125,868
98,1,2206,27,1,0,239,300,1115,624
98,1,2206,28,1,0,245,307,1553,1313
98,2,2868,1,1,0,261,353,1439,832
98,2,2868,2,1,0,264,365,1418,691
98,2,2868,3,4,5,267,367,2000,1021
98,2,2868,4,1,0,267,346,1715,767
98,2,2868,5,1,0,270,346,1566,815
98,2,2868,6,2,2,273,371,1495,756
98,2,2868,7,1,0,274,362,2227,1048
98,2,2868,8,3,3,276,344,1763,562
98,2,2868,9,1,0,276,370,2375,955
98,2,2868,10,1,0,278,370,1468,427
98,2,2868,11,1,0,278,373,2597,873
98,2,2868,12,2,3,280,364,2088,1665
98,2,2868,13,3,5,283,370,1699,958
98,2,2868,14,1,0,284,343,1677,999
98,2,2868,15,1,0,285,341,1444,489
98,2,2868,16,1,0,286,367,1553,113
98,2,2868,17,1,0,290,369,1695,1300
98,2,2868,18,2,2,293,362,2030,1013
98,3,1852,1,1,0,250,177,1108,772
98,3,1852,2,1,0,273,178,1148,281
98,3,1852,3,2,2,275,181,1471,571
98,3,1852,4,9,12,278,175,1356,653
98,3,1852,5,1,0,275,199,1148,354
98,3,1852,6,1,0,276,179,1146,471
98,3,1852,7,3,5,279,169,1268,551
98,3,1852,8,1,0,279,180,980,812
98,3,1852,9,1,0,282,171,1094,62
98,3,1852,10,5,8,284,174,1211,442
98,4,1724,1,1,0,259,288,823,507
98,4,1724,2,1,0,261,277,770,479
98,4,1724,3,2,2,261,285,820,621
98,4,1724,4,2,3,266,281,801,390
98,4,1724,5,2,3,266,291,819,718
98,4,1724,6,1,0,274,302,853,258
98,4,1724,7,1,0,276,288,790,375
98,4,1724,8,1,0,278,286,772,617
98,4,1724,9,3,3,281,290,943,421
98,4,1724,10,1,0,290,303,812,286
98,4,1724,11,1,0,291,288,851,232
98,4,1724,12,1,0,295,290,869,145
98,4,1724,13,1,0,297,295,1087,385
98,4,1724,14,2,2,300,293,800,339
98,4,1724,15,5,8,301,299,1058,392
98,4,1724,16,1,0,314,301,772,482
98,5,1541,1,1,0,294,156,647,387
98,5,1541,2,1,0,294,162,653,480
98,5,1541,3,3,5,297,165,836,478
98,5,1541,4,2,2,297,174,878,321
98,5,1541,5,1,0,299,188,629,404
98,5,1541,6,1,0,301,181,651,555
98,5,1541,7,1,0,303,167,1038,484
98,5,1541,8,1,0,305,156,659,467
98,5,1541,9,1,0,305,172,743,473
98,5,1541,10,2,3,313,164,863,427
98,5,1541,11,5,5,331,170,972,445
98,5,1541,12,1,0,345,177,773,207
98,5,1541,13,1,0,349,181,671,347
98,6,1634,1,1,0,336,343,755,177
98,6,1634,2,1,0,336,352,747,207
98,6,1634,3,2,3,338,348,710,637
98,6,1634,4,2,2,340,334,713,264
98,6,1634,5,1,0,339,342,649,743
98,6,1634,6,1,0,340,353,730,593
98,6,1634,7,1,0,341,349,642,308
98,6,1634,8,1,0,343,345,656,409
98,6,1634,9,1,0,348,343,634,199
98,6,1634,10,1,0,354,310,653,473
98,6,1634,11,1,0,357,342,687,307
98,6,1634,12,1,0,358,354,642,0
98,6,1634,13,2,2,363,304,657,526
98,6,1634,14,1,0,365,328,779,301
98,6,1634,15,1,0,365,350,687,483
98,6,1634,16,1,0,366,302,634,0
98,6,1634,17,1,0,366,346,768,299
98,6,1634,18,1,0,368,301,781,248
98,6,1634,19,1,0,369,304,678,527
98,6,1634,20,2,2,370,340,884,355
98,6,1634,21,1,0,376,299,640,177
98,6,1634,22,1,0,376,324,673,192
98,6,1634,23,1,0,378,311,643,0
98,6,1634,24,1,0,378,315,674,0
99,1,2227,1,1,0,207,298,1019,723
99,1,2227,2,1,0,209,292,984,772
99,1,2227,3,1,0,210,294,1141,865
99,1,2227,4,1,0,211,292,973,574
99,1,2227,5,7,10,213,280,1331,1051
99,1,2227,6,4,5,213,286,1621,980
99,1,2227,7,5,6,213,289,1415,1172
99,1,2227,8,5,5,214,297,1233,762
99,1,2227,9,1,0,216,281,966,1231
99,1,2227,10,3,3,216,286,1126,668
99,1,2227,11,1,0,218,283,1565,725
99,1,2227,12,4,5,219,289,1323,1106
99,1,2227,13,2,2,221,290,1283,834
99,1,2227,14,2,2,222,294,1482,864
99,1,2227,15,1,0,221,297,1133,785
99,1,2227,16,1,0,222,284,1127,768
99,1,2227,17,1,0,223,292,1272,1010
99,1,2227,18,1,0,224,277,964,921
99,1,2227,19,3,4,226,302,1754,898
99,1,2227,20,1,0,226,272,984,574
99,1,2227,21,3,5,228,281,1565,865
99,1,2227,22,1,0,228,288,1956,1669
99,1,2227,23,2,2,233,287,1207,802
99,1,2227,24,3,3,233,290,1255,899
99,1,2227,25,1,0,235,285,1261,840
99,1,2227,26,1,0,237,288,1043,752
99,1,2227,27,1,0,237,291,983,696
99,1,2227,28,2,3,246,308,1087,699
99,2,2770,1,1,0,264,364,1870,903
99,2,2770,2,5,7,267,367,1785,1045
99,2,2770,3,1,0,267,346,1648,446
99,2,2770,4,1,0,270,346,1422,660
99,2,2770,5,1,0,272,346,1349,560
99,2,2770,6,1,0,274,362,1747,976
99,2,2770,7,2,3,276,371,2143,1109
99,2,2770,8,1,0,276,343,1765,620
99,2,2770,9,2,2,278,373,1843,742
99,2,2770,10,3,5,279,364,1890,1304
99,2,2770,11,1,0,283,341,1354,659
99,2,2770,12,5,10,284,369,1772,665
99,2,2770,13,1,0,290,369,1749,1203
99,2,2770,14,1,0,293,357,1332,553
99,2,2770,15,1,0,293,362,2651,1184
99,2,2770,16,1,0,296,368,1590,1011
99,3,1860,1,1,0,273,159,1004,148
99,3,1860,2,5,7,276,181,1403,409
99,3,1860,3,1,0,276,175,1109,607
99,3,1860,4,1,0,276,179,962,182
99,3,1860,5,1,0,278,170,1445,630
99,3,1860,6,4,5,279,175,1359,657
99,3,1860,7,2,2,280,180,1505,614
99,3,1860,8,1,0,280,169,1378,766
99,3,1860,9,5,5,281,183,1085,410
99,3,1860,10,4,5,283,173,1404,575
99,4,1643,1,2,2,259,280,696,372
99,4,1643,2,1,0,258,282,785,539
99,4,1643,3,1,0,261,284,777,663
99,4,1643,4,1,0,264,286,739,517
99,4,1643,5,1,0,265,289,688,585
99,4,1643,6,1,0,277,291,714,596
99,4,1643,7,1,0,280,289,686,634
99,4,1643,8,1,0,282,290,894,243
99,4,1643,9,1,0,287,295,828,228
99,4,1643,10,2,3,291,289,802,472
99,4,1643,11,1,0,292,294,724,0
99,4,1643,12,1,0,294,294,711,604
99,4,1643,13,1,0,297,295,827,574
99,4,1643,14,5,6,300,299,964,567
99,4,1643,15,1,0,300,293,724,349
99,4,1643,16,1,0,309,329,751,302
99,4,1643,17,1,0,312,302,697,335
99,4,1643,18,1,0,314,325,696,492
99,4,1643,19,2,3,319,325,743,535
99,5,1494,1,4,6,297,165,745,505
99,5,1494,2,2,3,297,175,622,201
99,5,1494,3,1,0,299,183,597,266
99,5,1494,4,1,0,300,153,641,355
99,5,1494,5,2,2,304,167,827,310
99,5,1494,6,1,0,305,156,910,667
99,5,1494,7,1,0,305,174,724,50
99,5,1494,8,2,2,308,163,686,76
99,5,1494,9,1,0,309,159,587,431
99,5,1494,10,1,0,312,164,656,448
99,5,1494,11,2,2,327,195,647,571
99,5,1494,12,3,3,331,169,1304,585
99,6,1585,1,1,0,332,344,649,448
99,6,1585,2,3,6,339,347,751,429
99,6,1585,3,1,0,340,334,597,170
99,6,1585,4,1,0,343,352,813,771
99,6,1585,5,1,0,344,343,676,132
99,6,1585,6,1,0,344,355,627,259
99,6,1585,7,1,0,348,345,832,315
99,6,1585,8,1,0,349,322,696,391
99,6,1585,9,1,0,353,319,639,386
99,6,1585,10,1,0,353,357,674,182
99,6,1585,11,1,0,357,311,613,484
99,6,1585,12,1,0,362,317,616,260
99,6,1585,13,1,0,363,300,597,310
99,6,1585,14,1,0,364,304,793,780
99,6,1585,15,1,0,367,306,618,347
99,6,1585,16,1,0,367,344,797,141
99,6,1585,17,1,0,370,297,629,120
99,6,1585,18,1,0,370,301,705,496
99,6,1585,19,2,2,370,340,734,393
99,6,1585,20,1,0,370,343,1279,310
99,6,1585,21,1,0,372,323,708,315
99,6,1585,22,1,0,374,299,621,345
99,6,1585,23,1,0,377,306,811,200
99,6,1585,24,1,0,378,308,910,201
99,6,1585,25,1,0,378,310,597,422
100,1,2246,1,1,0,207,297,1110,322
100,1,2246,2,1,0,208,290,1086,813
100,1,2246,3,1,0,209,293,1007,786
100,1,2246,4,2,2,211,312,1141,306
100,1,2246,5,4,5,213,282,1548,956
100,1,2246,6,10,19,213,289,1262,893
100,1,2246,7,2,3,214,297,1254,666
100,1,2246,8,1,0,214,278,1135,1072
100,1,2246,9,1,0,216,280,1072,590
100,1,2246,10,1,0,216,286,1028,721
100,1,2246,11,2,2,218,283,1169,651
100,1,2246,12,9,13,219,289,1297,808
100,1,2246,13,1,0,221,284,1022,823
100,1,2246,14,1,0,221,294,1711,1245
100,1,2246,15,1,0,221,297,1616,946
100,1,2246,16,2,2,223,292,1027,625
100,1,2246,17,4,5,226,303,1597,842
100,1,2246,18,1,0,228,265,1053,711
100,1,2246,19,1,0,228,280,1297,1072
100,1,2246,20,2,2,228,289,1370,1106
100,1,2246,21,4,5,233,287,1052,881
100,1,2246,22,2,2,234,290,1484,955
100,1,2246,23,2,2,235,286,1287,751
100,1,2246,24,3,3,237,292,1125,567
100,1,2246,25,1,0,245,308,1081,887
100,2,2775,1,1,0,255,363,2205,1935
100,2,2775,2,1,0,263,347,1617,609
100,2,2775,3,2,3,265,364,1670,842
100,2,2775,4,2,2,268,367,2480,922
100,2,2775,5,2,3,272,346,1441,766
100,2,2775,6,1,0,274,362,2423,1034
100,2,2775,7,3,3,276,370,1858,1033
100,2,2775,8,1,0,276,343,1521,269
100,2,2775,9,2,2,278,373,1782,871
100,2,2775,10,4,6,279,364,1736,1211
100,2,2775,11,1,0,282,341,1416,789
100,2,2775,12,4,6,283,370,1778,1021
100,2,2775,13,1,0,291,369,1558,1082
100,2,2775,14,1,0,293,357,1335,790
100,2,2775,15,1,0,293,362,2440,822
100,2,2775,16,1,0,297,368,1742,560
100,3,1829,1,1,0,250,177,1221,407
100,3,1829,2,12,26,277,176,1201,646
100,3,1829,3,3,4,274,181,1399,509
100,3,1829,4,1,0,278,170,1107,618
100,3,1829,5,2,2,280,180,1453,674
100,3,1829,6,2,2,281,184,1208,711
100,3,1829,7,1,0,283,168,1077,349
100,3,1829,8,4,5,284,173,1298,624
100,4,1646,1,4,7,265,289,719,437
100,4,1646,2,1,0,264,293,666,636
100,4,1646,3,1,0,268,294,857,336
100,4,1646,4,2,2,274,303,774,274
100,4,1646,5,1,0,274,293,793,553
100,4,1646,6,1,0,276,286,716,409
100,4,1646,7,1,0,276,293,806,545
100,4,1646,8,1,0,278,284,703,353
100,4,1646,9,1,0,280,287,680,160
100,4,1646,10,2,2,282,290,845,428
100,4,1646,11,1,0,286,290,692,691
100,4,1646,12,1,0,291,288,876,253
100,4,1646,13,1,0,294,293,672,230
100,4,1646,14,1,0,295,290,851,506
100,4,1646,15,1,0,299,293,710,359
100,4,1646,16,2,3,300,297,729,425
100,4,1646,17,1,0,301,300,932,517
100,4,1646,18,1,0,318,328,672,312
100,4,1646,19,1,0,319,307,718,265
100,4,1646,20,1,0,319,323,670,201
100,5,1605,1,2,2,296,166,1032,577
100,5,1605,2,3,4,297,172,1083,412
100,5,1605,3,1,0,299,164,1219,239
100,5,1605,4,1,0,299,183,691,470
100,5,1605,5,1,0,301,159,695,592
100,5,1605,6,1,0,304,167,974,394
100,5,1605,7,2,2,305,157,737,339
100,5,1605,8,1,0,305,172,846,300
100,5,1605,9,2,2,309,162,1131,257
100,5,1605,10,1,0,312,164,920,741
100,5,1605,11,2,3,320,164,785,424
100,5,1605,12,1,0,326,195,890,267
100,5,1605,13,3,3,331,171,1048,504
100,6,1618,1,1,0,331,344,631,665
100,6,1618,2,1,0,333,341,809,531
100,6,1618,3,2,2,337,346,693,628
100,6,1618,4,1,0,339,331,666,321
100,6,1618,5,1,0,339,349,834,593
100,6,1618,6,1,0,340,334,682,280
100,6,1618,7,1,0,340,346,698,573
100,6,1618,8,2,2,340,354,648,502
100,6,1618,9,1,0,344,332,656,7
100,6,1618,10,1,0,349,347,802,346
100,6,1618,11,1,0,354,310,699,404
100,6,1618,12,1,0,357,309,861,434
100,6,1618,13,1,0,360,328,697,215
100,6,1618,14,1,0,361,356,702,86
100,6,1618,15,1,0,364,299,678,376
100,6,1618,16,1,0,367,343,708,57
100,6,1618,17,1,0,371,291,674,194
100,6,1618,18,1,0,371,339,812,427
100,6,1618,19,1,0,371,341,718,244
100,6,1618,20,2,2,375,299,706,317
100,6,1618,21,1,0,375,292,686,294
100,6,1618,22,1,0,377,326,783,368
100,6,1618,23,1,0,378,298,656,578
100,6,1618,24,1,0,380,291,660,417
100,6,1618,25,1,0,382,301,684,183
101,1,2205,1,3,3,209,289,1250,845
101,1,2205,2,1,0,210,312,1189,616
101,1,2205,3,5,7,213,282,1447,1005
101,1,2205,4,4,5,212,289,1179,952
101,1,2205,5,1,0,211,292,1017,796
101,1,2205,6,4,5,213,286,1607,1241
101,1,2205,7,1,0,213,291,961,731
101,1,2205,8,3,3,214,296,1186,1072
101,1,2205,9,2,2,217,275,1108,559
101,1,2205,10,2,2,217,281,1515,928
101,1,2205,11,1,0,217,268,1016,501
101,1,2205,12,10,16,219,289,1202,833
101,1,2205,13,2,3,219,283,1124,358
101,1,2205,14,1,0,219,259,977,703
101,1,2205,15,2,2,221,294,1409,798
101,1,2205,16,1,0,221,297,1195,630
101,1,2205,17,1,0,223,287,942,695
101,1,2205,18,1,0,223,292,1197,490
101,1,2205,19,3,3,226,303,1792,1072
101,1,2205,20,1,0,227,271,1071,1060
101,1,2205,21,2,2,228,281,1231,652
101,1,2205,22,2,2,228,289,1865,1315
101,1,2205,23,1,0,232,286,1224,740
101,1,2205,24,2,2,234,290,1315,1069
101,1,2205,25,1,0,235,285,1085,611
101,1,2205,26,2,2,238,291,1636,1206
101,1,2205,27,1,0,245,308,1203,1022
101,1,2205,28,1,0,247,320,958,320
101,2,2830,1,1,0,256,364,2376,1289
101,2,2830,2,1,0,263,347,1399,599
101,2,2830,3,1,0,264,364,2014,938
101,2,2830,4,1,0,267,344,1711,874
101,2,2830,5,4,5,267,367,1911,962
101,2,2830,6,1,0,271,363,1493,918
101,2,2830,7,1,0,272,346,1462,421
101,2,2830,8,1,0,272,367,1410,594
101,2,2830,9,1,0,274,362,1713,970
101,2,2830,10,4,5,276,371,1758,1053
101,2,2830,11,4,5,279,364,1603,1377
101,2,2830,12,2,2,282,371,1907,1008
101,2,2830,13,1,0,283,343,1420,1218
101,2,2830,14,1,0,284,370,1442,599
101,2,2830,15,1,0,286,367,1385,338
101,2,2830,16,1,0,291,369,1464,1038
101,2,2830,17,2,2,293,362,2163,953
101,3,1855,1,1,0,272,179,949,160
101,3,1855,2,5,5,274,177,1266,512
101,3,1855,3,4,6,275,181,1343,688
101,3,1855,4,2,2,274,191,1089,375
101,3,1855,5,2,2,278,170,1150,566
101,3,1855,6,2,2,279,176,1437,684
101,3,1855,7,2,2,280,180,1742,528
101,3,1855,8,1,0,280,169,1314,600
101,3,1855,9,1,0,280,184,1498,468
101,3,1855,10,4,5,283,173,1214,709
101,3,1855,11,2,2,286,181,1072,178
101,4,1640,1,1,0,258,287,683,448
101,4,1640,2,1,0,259,281,769,534
101,4,1640,3,1,0,261,276,731,580
101,4,1640,4,2,2,263,287,794,689
101,4,1640,5,1,0,263,289,824,812
101,4,1640,6,1,0,264,279,804,551
101,4,1640,7,2,3,266,290,851,624
101,4,1640,8,1,0,266,293,844,563
101,4,1640,9,1,0,271,292,691,573
101,4,1640,10,1,0,273,293,819,398
101,4,1640,11,1,0,274,295,735,471
101,4,1640,12,1,0,274,302,907,294
101,4,1640,13,1,0,279,285,744,482
101,4,1640,14,2,2,282,290,860,297
101,4,1640,15,2,2,291,288,828,319
101,4,1640,16,3,3,299,299,785,327
101,4,1640,17,1,0,314,326,786,618
101,4,1640,18,1,0,314,328,676,741
101,4,1640,19,1,0,317,328,827,537
101,4,1640,20,1,0,320,323,724,457
101,5,1553,1,1,0,295,165,667,208
101,5,1553,2,2,2,297,171,796,597
101,5,1553,3,1,0,297,173,695,212
101,5,1553,4,1,0,298,162,729,532
101,5,1553,5,1,0,298,165,707,659
101,5,1553,6,1,0,299,184,740,209
101,5,1553,7,2,2,304,167,864,102
101,5,1553,8,1,0,305,157,1061,196
101,5,1553,9,3,3,309,161,861,151
101,5,1553,10,1,0,311,161,752,103
101,5,1553,11,1,0,312,164,672,168
101,5,1553,12,1,0,318,162,645,4
101,5,1553,13,2,2,327,195,872,541
101,5,1553,14,2,3,331,170,744,357
101,5,1553,15,1,0,338,190,684,459
101,6,1660,1,1,0,332,350,733,169
101,6,1660,2,1,0,333,352,681,323
101,6,1660,3,1,0,337,344,662,517
101,6,1660,4,1,0,338,348,882,352
101,6,1660,5,1,0,339,331,664,490
101,6,1660,6,1,0,339,346,773,656
101,6,1660,7,1,0,339,350,801,566
101,6,1660,8,1,0,344,345,707,601
101,6,1660,9,1,0,356,335,666,383
101,6,1660,10,1,0,357,312,752,629
101,6,1660,11,1,0,357,344,725,414
101,6,1660,12,1,0,359,306,903,355
101,6,1660,13,1,0,359,308,708,385
101,6,1660,14,1,0,361,325,748,374
101,6,1660,15,2,2,361,355,663,331
101,6,1660,16,1,0,362,303,670,310
101,6,1660,17,1,0,364,304,760,570
101,6,1660,18,2,2,366,298,695,487
101,6,1660,19,2,2,367,327,773,249
101,6,1660,20,1,0,367,345,688,466
101,6,1660,21,2,3,371,342,923,326
101,6,1660,22,1,0,371,339,813,680
101,6,1660,23,1,0,375,299,692,471
101,6,1660,24,1,0,377,307,753,246
102,1,2196,1,2,2,209,289,944,909
102,1,2196,2,1,0,209,293,954,704
102,1,2196,3,11,19,213,288,1183,815
102,1,2196,4,1,0,211,292,985,747
102,1,2196,5,1,0,212,263,1009,752
102,1,2196,6,5,5,213,282,1519,1069
102,1,2196,7,1,0,213,279,1140,1367
102,1,2196,8,1,0,213,300,1366,821
102,1,2196,9,1,0,215,274,1023,678
102,1,2196,10,2,2,215,297,1221,900
102,1,2196,11,2,2,216,286,1062,662
102,1,2196,12,1,0,216,293,950,985
102,1,2196,13,1,0,217,281,993,688
102,1,2196,14,1,0,218,283,1546,1083
102,1,2196,15,1,0,218,286,1040,1302
102,1,2196,16,3,3,219,289,1406,842
102,1,2196,17,1,0,221,284,1027,685
102,1,2196,18,3,4,221,290,1271,808
102,1,2196,19,4,5,222,293,1198,771
102,1,2196,20,3,3,226,303,1570,946
102,1,2196,21,2,2,228,288,1415,1068
102,1,2196,22,2,2,228,281,1316,888
102,1,2196,23,1,0,230,271,962,269
102,1,2196,24,1,0,231,278,1040,550
102,1,2196,25,1,0,231,287,960,365
102,1,2196,26,1,0,232,280,1052,750
102,1,2196,27,1,0,234,290,1017,1292
102,1,2196,28,2,2,236,284,1134,1359
102,1,2196,29,2,2,238,291,1080,711
102,1,2196,30,2,2,245,308,1207,653
102,2,2740,1,1,0,257,364,2108,1557
102,2,2740,2,1,0,264,370,1341,1281
102,2,2740,3,5,7,267,367,1663,1032
102,2,2740,4,1,0,267,344,1912,581
102,2,2740,5,1,0,270,369,1334,395
102,2,2740,6,1,0,271,345,1496,894
102,2,2740,7,1,0,272,367,1353,1244
102,2,2740,8,1,0,276,343,1649,957
102,2,2740,9,2,2,276,371,2132,1347
102,2,2740,10,1,0,276,373,1614,824
102,2,2740,11,5,5,279,364,1524,1158
102,2,2740,12,4,5,282,371,1941,938
102,2,2740,13,1,0,284,369,1452,809
102,2,2740,14,2,2,293,362,1869,917
102,2,2740,15,1,0,293,357,1385,348
102,3,1875,1,4,6,275,181,1101,520
102,3,1875,2,3,3,275,177,1272,680
102,3,1875,3,8,13,278,175,1178,476
102,3,1875,4,1,0,277,179,1296,569
102,3,1875,5,1,0,278,169,1906,739
102,3,1875,6,3,4,280,180,1646,749
102,3,1875,7,1,0,280,169,1119,568
102,3,1875,8,1,0,280,184,1057,605
102,3,1875,9,3,3,283,173,1211,699
102,4,1675,1,1,0,260,285,710,751
102,4,1675,2,1,0,261,278,728,249
102,4,1675,3,1,0,262,289,711,247
102,4,1675,4,1,0,265,279,753,354
102,4,1675,5,1,0,265,284,714,529
102,4,1675,6,1,0,269,294,869,560
102,4,1675,7,1,0,269,296,712,359
102,4,1675,8,1,0,271,285,900,633
102,4,1675,9,1,0,273,293,891,483
102,4,1675,10,1,0,273,295,882,517
102,4,1675,11,1,0,277,293,741,479
102,4,1675,12,1,0,278,286,766,332
102,4,1675,13,3,3,281,290,833,494
102,4,1675,14,1,0,290,288,916,332
102,4,1675,15,1,0,290,292,707,504
102,4,1675,16,5,7,300,299,935,520
102,4,1675,17,2,2,303,300,821,93
102,4,1675,18,1,0,312,326,773,246
102,4,1675,19,1,0,317,330,713,475
102,5,1634,1,4,5,296,172,909,485
102,5,1634,2,1,0,298,161,976,324
102,5,1634,3,3,3,298,164,944,587
102,5,1634,4,2,2,304,167,1021,474
102,5,1634,5,1,0,305,173,805,628
102,5,1634,6,3,3,309,159,1102,269
102,5,1634,7,1,0,312,164,796,428
102,5,1634,8,2,2,319,164,991,409
102,5,1634,9,1,0,326,195,811,581
102,5,1634,10,3,5,331,170,936,529
102,6,1595,1,2,2,334,341,846,372
102,6,1595,2,2,2,337,353,716,51
102,6,1595,3,2,3,339,348,759,674
102,6,1595,4,1,0,339,352,614,507
102,6,1595,5,1,0,340,355,709,8
102,6,1595,6,1,0,343,354,635,376
102,6,1595,7,1,0,344,344,677,660
102,6,1595,8,1,0,345,352,692,541
102,6,1595,9,1,0,351,314,609,244
102,6,1595,10,1,0,354,310,723,45
102,6,1595,11,2,3,360,310,632,363
102,6,1595,12,1,0,362,302,655,632
102,6,1595,13,1,0,362,304,669,567
102,6,1595,14,1,0,366,303,662,475
102,6,1595,15,1,0,367,345,1035,461
102,6,1595,16,1,0,369,344,657,85
102,6,1595,17,1,0,370,299,670,800
102,6,1595,18,4,6,371,340,835,305
102,6,1595,19,1,0,371,326,614,77
102,6,1595,20,1,0,378,296,648,361
102,6,1595,21,1,0,378,304,708,265
102,6,1595,22,1,0,379,315,889,101
103,1,2159,1,1,0,203,316,908,588
103,1,2159,2,1,0,205,313,930,190
103,1,2159,3,1,0,208,290,1479,1141
103,1,2159,4,1,0,208,317,1098,442
103,1,2159,5,1,0,209,293,900,696
103,1,2159,6,9,10,212,281,1393,1045
103,1,2159,7,4,5,212,289,1353,1052
103,1,2159,8,4,5,213,286,1535,1121
103,1,2159,9,1,0,214,291,1024,968
103,1,2159,10,2,2,215,297,1301,733
103,1,2159,11,1,0,216,281,1066,657
103,1,2159,12,2,2,216,294,1177,772
103,1,2159,13,1,0,217,275,1077,1035
103,1,2159,14,1,0,218,283,1658,908
103,1,2159,15,2,3,219,287,993,557
103,1,2159,16,2,2,219,289,1540,833
103,1,2159,17,3,5,221,284,1132,823
103,1,2159,18,1,0,221,276,1043,856
103,1,2159,19,2,2,221,290,1139,1125
103,1,2159,20,1,0,221,293,1200,1097
103,1,2159,21,1,0,221,297,924,787
103,1,2159,22,2,2,225,293,1162,698
103,1,2159,23,2,3,226,302,1121,832
103,1,2159,24,1,0,226,278,1189,321
103,1,2159,25,2,2,227,304,1986,1161
103,1,2159,26,1,0,226,333,968,458
103,1,2159,27,2,2,228,288,1601,804
103,1,2159,28,1,0,228,271,956,896
103,1,2159,29,1,0,228,280,1179,956
103,1,2159,30,1,0,230,262,914,474
103,1,2159,31,4,7,233,289,1193,937
103,1,2159,32,1,0,237,290,1028,209
103,1,2159,33,1,0,245,308,894,889
103,2,2685,1,2,2,258,364,1586,1061
103,2,2685,2,1,0,262,348,1324,650
103,2,2685,3,1,0,263,364,1271,671
103,2,2685,4,3,4,266,366,1942,923
103,2,2685,5,1,0,267,343,1841,1354
103,2,2685,6,1,0,270,369,1556,437
103,2,2685,7,1,0,273,370,1324,826
103,2,2685,8,1,0,274,362,1482,1005
103,2,2685,9,2,3,276,371,1335,791
103,2,2685,10,2,2,276,373,1478,1018
103,2,2685,11,1,0,276,343,1336,849
103,2,2685,12,3,3,279,364,1827,1262
103,2,2685,13,5,7,283,370,1673,701
103,2,2685,14,1,0,282,341,1351,702
103,2,2685,15,2,2,283,343,1706,897
103,2,2685,16,1,0,292,362,2653,666
103,3,1891,1,1,0,250,177,1149,340
103,3,1891,2,1,0,273,181,1110,648
103,3,1891,3,1,0,274,160,983,808
103,3,1891,4,8,16,277,176,1210,501
103,3,1891,5,3,3,275,181,1129,395
103,3,1891,6,1,0,278,169,1560,723
103,3,1891,7,1,0,278,173,1043,341
103,3,1891,8,2,2,280,180,2190,624
103,3,1891,9,1,0,280,169,1290,389
103,3,1891,10,1,0,280,184,1496,899
103,3,1891,11,1,0,281,182,1137,499
103,3,1891,12,4,5,283,173,1162,668
103,4,1629,1,3,4,259,287,805,500
103,4,1629,2,3,5,260,283,708,482
103,4,1629,3,2,3,265,289,704,666
103,4,1629,4,3,4,279,285,757,370
103,4,1629,5,2,2,290,289,772,497
103,4,1629,6,2,2,299,296,783,432
103,4,1629,7,6,8,300,299,905,423
103,4,1629,8,1,0,314,325,777,643
103,4,1629,9,1,0,316,325,697,561
103,4,1629,10,1,0,316,331,667,518
103,4,1629,11,1,0,320,311,767,633
103,4,1629,12,1,0,322,321,676,332
103,5,1574,1,5,7,297,173,773,233
103,5,1574,2,5,7,298,163,840,489
103,5,1574,3,1,0,299,157,888,321
103,5,1574,4,2,2,304,167,1045,355
103,5,1574,5,1,0,305,157,820,267
103,5,1574,6,1,0,308,157,940,190
103,5,1574,7,2,3,313,164,917,300
103,5,1574,8,2,3,320,162,745,334
103,5,1574,9,1,0,326,195,838,605
103,5,1574,10,1,0,331,170,688,762
103,6,1618,1,1,0,333,342,636,414
103,6,1618,2,2,2,340,330,646,170
103,6,1618,3,1,0,339,347,655,539
103,6,1618,4,2,3,340,355,681,465
103,6,1618,5,1,0,340,334,631,182
103,6,1618,6,1,0,341,351,639,596
103,6,1618,7,1,0,344,348,649,298
103,6,1618,8,1,0,346,339,630,129
103,6,1618,9,1,0,350,321,668,324
103,6,1618,10,1,0,353,357,819,302
103,6,1618,11,1,0,360,307,901,631
103,6,1618,12,1,0,360,357,784,398
103,6,1618,13,2,2,362,304,661,376
103,6,1618,14,1,0,365,303,890,400
103,6,1618,15,1,0,367,326,681,233
103,6,1618,16,2,2,367,345,996,265
103,6,1618,17,1,0,368,292,634,198
103,6,1618,18,1,0,369,306,664,71
103,6,1618,19,1,0,370,329,640,382
103,6,1618,20,2,2,371,298,678,653
103,6,1618,21,1,0,373,340,864,236
103,6,1618,22,1,0,376,306,754,397
103,6,1618,23,1,0,379,304,632,433
104,1,2262,1,2,2,206,300,1356,958
104,1,2262,2,5,7,208,289,1619,851
104,1,2262,3,1,0,209,311,1065,857
104,1,2262,4,7,8,212,281,1367,1119
104,1,2262,5,6,7,213,290,1308,1030
104,1,2262,6,1,0,212,258,1057,952
104,1,2262,7,4,5,213,286,1495,785
104,1,2262,8,1,0,214,296,1659,1040
104,1,2262,9,1,0,216,264,1033,504
104,1,2262,10,2,2,216,287,1160,548
104,1,2262,11,1,0,218,283,2072,949
104,1,2262,12,3,3,219,289,1434,886
104,1,2262,13,3,4,221,284,1251,676
104,1,2262,14,3,4,221,290,1347,997
104,1,2262,15,2,2,222,293,1580,858
104,1,2262,16,2,2,225,293,1139,869
104,1,2262,17,3,3,226,302,1582,909
104,1,2262,18,3,3,227,304,1871,907
104,1,2262,19,2,2,228,288,1595,1212
104,1,2262,20,1,0,229,277,1159,563
104,1,2262,21,4,8,234,289,1274,680
104,1,2262,22,1,0,237,283,1061,1066
104,1,2262,23,2,2,237,291,1300,602
104,2,2671,1,2,2,259,364,1962,1048
104,2,2671,2,1,0,263,347,1350,717
104,2,2671,3,1,0,263,364,1520,851
104,2,2671,4,1,0,266,342,2126,1266
104,2,2671,5,1,0,266,366,1963,563
104,2,2671,6,2,3,270,370,1616,676
104,2,2671,7,1,0,273,370,1265,175
104,2,2671,8,2,2,275,371,1578,936
104,2,2671,9,2,2,276,373,1783,1267
104,2,2671,10,1,0,276,343,1572,723
104,2,2671,11,4,5,279,364,1496,1141
104,2,2671,12,6,7,283,370,1826,887
104,2,2671,13,2,2,283,341,1229,708
104,2,2671,14,1,0,283,343,1375,1214
104,2,2671,15,1,0,292,357,1279,126
104,2,2671,16,1,0,292,362,2653,1567
104,2,2671,17,1,0,296,368,1513,633
104,3,1826,1,1,0,250,176,1002,82
104,3,1826,2,1,0,272,178,936,187
104,3,1826,3,4,6,275,181,1193,495
104,3,1826,4,2,2,275,176,1279,643
104,3,1826,5,1,0,276,172,1066,151
104,3,1826,6,7,7,278,175,1315,451
104,3,1826,7,1,0,278,169,1589,980
104,3,1826,8,3,3,280,180,1352,738
104,3,1826,9,1,0,280,184,1253,820
104,3,1826,10,5,7,283,174,1233,523
104,4,1635,1,1,0,259,280,912,484
104,4,1635,2,1,0,260,282,736,534
104,4,1635,3,1,0,261,277,715,270
104,4,1635,4,1,0,262,285,672,872
104,4,1635,5,1,0,264,275,690,672
104,4,1635,6,1,0,264,278,691,275
104,4,1635,7,2,2,265,290,727,624
104,4,1635,8,2,2,271,285,783,529
104,4,1635,9,1,0,274,287,845,463
104,4,1635,10,1,0,274,293,682,530
104,4,1635,11,1,0,276,289,791,97
104,4,1635,12,1,0,277,292,894,832
104,4,1635,13,1,0,279,285,725,750
104,4,1635,14,1,0,280,290,672,572
104,4,1635,15,1,0,282,290,715,453
104,4,1635,16,1,0,289,320,683,382
104,4,1635,17,1,0,290,288,1185,674
104,4,1635,18,1,0,297,322,719,81
104,4,1635,19,1,0,299,298,912,411
104,4,1635,20,3,5,301,299,899,278
104,4,1635,21,1,0,308,298,683,252
104,4,1635,22,1,0,320,323,714,582
104,5,1563,1,1,0,293,158,790,109
104,5,1563,2,3,5,297,172,788,343
104,5,1563,3,1,0,297,155,733,344
104,5,1563,4,2,2,298,164,825,817
104,5,1563,5,2,2,304,167,909,470
104,5,1563,6,1,0,305,158,764,400
104,5,1563,7,1,0,305,173,786,371
104,5,1563,8,2,2,308,157,1061,233
104,5,1563,9,4,5,313,164,774,365
104,5,1563,10,3,3,318,161,718,240
104,5,1563,11,1,0,331,170,828,484
104,6,1619,1,1,0,335,336,649,57
104,6,1619,2,1,0,336,346,663,398
104,6,1619,3,1,0,337,348,722,401
104,6,1619,4,1,0,338,345,722,392
104,6,1619,5,1,0,338,354,732,461
104,6,1619,6,2,3,340,348,804,586
104,6,1619,7,1,0,343,332,675,530
104,6,1619,8,1,0,352,342,707,466
104,6,1619,9,1,0,354,310,886,502
104,6,1619,10,2,2,357,309,756,441
104,6,1619,11,1,0,358,303,814,277
104,6,1619,12,1,0,360,352,794,315
104,6,1619,13,2,2,361,305,671,576
104,6,1619,14,1,0,362,298,688,452
104,6,1619,15,2,2,365,303,703,491
104,6,1619,16,1,0,365,329,709,216
104,6,1619,17,1,0,365,351,691,617
104,6,1619,18,1,0,367,344,794,563
104,6,1619,19,2,2,370,340,784,376
104,6,1619,20,1,0,376,290,795,747
104,6,1619,21,1,0,377,297,728,251
104,6,1619,22,2,2,378,316,644,309
105,1,2269,1,1,0,208,284,1054,546
105,1,2269,2,3,3,210,287,1887,1094
105,1,2269,3,1,0,209,289,1240,706
105,1,2269,4,1,0,209,295,1109,738
105,1,2269,5,1,0,210,310,1233,823
105,1,2269,6,6,7,212,281,1492,1106
105,1,2269,7,5,5,212,290,1474,1119
105,1,2269,8,2,2,214,286,1876,1357
105,1,2269,9,2,3,215,296,1282,737
105,1,2269,10,1,0,214,299,1487,994
105,1,2269,11,1,0,216,265,1025,206
105,1,2269,12,5,8,217,285,1207,770
105,1,2269,13,1,0,216,293,1069,579
105,1,2269,14,1,0,218,283,1454,728
105,1,2269,15,2,2,219,290,1072,810
105,1,2269,16,3,5,221,284,1298,782
105,1,2269,17,2,2,221,290,1199,958
105,1,2269,18,1,0,221,293,1405,950
105,1,2269,19,1,0,221,297,1107,1020
105,1,2269,20,2,2,223,276,1213,1107
105,1,2269,21,1,0,224,273,1019,577
105,1,2269,22,1,0,224,297,1016,426
105,1,2269,23,7,9,226,302,1390,808
105,1,2269,24,2,2,228,288,1455,752
105,1,2269,25,1,0,228,280,1740,984
105,1,2269,26,1,0,231,272,1022,612
105,1,2269,27,2,3,234,290,1492,1044
105,1,2269,28,2,2,237,291,1332,871
105,1,2269,29,1,0,245,307,1246,817
105,2,2768,1,2,2,259,364,1963,1123
105,2,2768,2,1,0,263,347,1320,974
105,2,2768,3,1,0,264,364,1638,638
105,2,2768,4,1,0,266,365,1467,832
105,2,2768,5,1,0,267,343,2647,1438
105,2,2768,6,1,0,270,370,1972,992
105,2,2768,7,1,0,271,346,1869,919
105,2,2768,8,1,0,272,367,1547,775
105,2,2768,9,1,0,274,362,1587,986
105,2,2768,10,1,0,275,371,2647,1074
105,2,2768,11,3,3,276,343,1591,678
105,2,2768,12,1,0,276,373,1937,1221
105,2,2768,13,2,3,279,364,1992,1351
105,2,2768,14,1,0,278,369,1395,455
105,2,2768,15,5,7,283,370,1757,967
105,2,2768,16,1,0,281,372,1452,1056
105,2,2768,17,3,4,283,342,1500,738
105,2,2768,18,1,0,292,362,2647,1270
105,2,2768,19,1,0,296,367,1441,1046
105,3,1858,1,1,0,250,177,1118,327
105,3,1858,2,4,4,275,177,1138,524
105,3,1858,3,3,4,275,181,1267,555
105,3,1858,4,6,7,278,176,1277,686
105,3,1858,5,1,0,277,179,992,555
105,3,1858,6,1,0,278,169,1382,477
105,3,1858,7,5,7,280,181,1355,474
105,3,1858,8,1,0,280,184,1257,865
105,3,1858,9,1,0,283,172,1504,815
105,3,1858,10,2,2,284,174,1461,681
105,4,1681,1,1,0,258,282,764,592
105,4,1681,2,2,2,259,286,795,470
105,4,1681,3,2,2,265,285,741,528
105,4,1681,4,3,6,266,290,747,324
105,4,1681,5,3,4,272,291,761,509
105,4,1681,6,2,3,272,294,819,397
105,4,1681,7,3,4,276,294,961,599
105,4,1681,8,1,0,277,292,770,425
105,4,1681,9,1,0,282,290,1084,275
105,4,1681,10,1,0,290,289,765,560
105,4,1681,11,4,6,300,299,987,523
105,4,1681,12,1,0,312,311,718,290
105,4,1681,13,1,0,315,325,744,191
105,4,1681,14,1,0,322,327,767,131
105,5,1573,1,1,0,294,156,686,598
105,5,1573,2,1,0,295,162,700,123
105,5,1573,3,1,0,297,156,685,436
105,5,1573,4,2,2,298,162,936,591
105,5,1573,5,3,4,297,172,1102,407
105,5,1573,6,1,0,299,154,696,849
105,5,1573,7,1,0,301,165,928,52
105,5,1573,8,2,2,304,167,891,491
105,5,1573,9,1,0,305,158,786,521
105,5,1573,10,1,0,305,173,859,299
105,5,1573,11,1,0,307,152,696,541
105,5,1573,12,1,0,309,154,683,0
105,5,1573,13,1,0,312,164,666,535
105,5,1573,14,1,0,319,167,684,472
105,5,1573,15,1,0,326,195,903,602
105,5,1573,16,1,0,329,169,715,265
105,5,1573,17,1,0,331,170,887,403
105,6,1619,1,1,0,330,345,977,487
105,6,1619,2,1,0,332,341,658,346
105,6,1619,3,1,0,332,351,635,426
105,6,1619,4,1,0,334,342,777,364
105,6,1619,5,1,0,337,334,630,299
105,6,1619,6,1,0,337,348,709,669
105,6,1619,7,1,0,339,331,654,416
105,6,1619,8,1,0,340,353,633,467
105,6,1619,9,1,0,343,344,665,188
105,6,1619,10,1,0,348,340,634,228
105,6,1619,11,1,0,351,314,752,283
105,6,1619,12,1,0,356,309,723,334
105,6,1619,13,3,6,358,308,716,399
105,6,1619,14,3,5,361,304,801,503
105,6,1619,15,1,0,365,295,644,529
105,6,1619,16,1,0,367,345,715,416
105,6,1619,17,3,3,370,340,796,395
105,6,1619,18,1,0,370,344,651,111
105,6,1619,19,1,0,371,322,649,128
105,6,1619,20,1,0,372,295,684,428
105,6,1619,21,1,0,376,305,721,284
105,6,1619,22,1,0,379,304,661,620
106,1,2216,1,3,3,209,287,1663,797
106,1,2216,2,6,7,211,290,1403,1044
106,1,2216,3,1,0,209,294,1232,1085
106,1,2216,4,1,0,210,332,988,743
106,1,2216,5,5,7,212,280,1442,982
106,1,2216,6,2,2,213,286,1876,837
106,1,2216,7,2,2,214,296,979,733
106,1,2216,8,2,3,215,290,1155,919
106,1,2216,9,1,0,214,300,1046,676
106,1,2216,10,1,0,216,265,986,518
106,1,2216,11,5,8,217,286,1056,853
106,1,2216,12,1,0,217,281,1026,451
106,1,2216,13,1,0,217,296,1092,195
106,1,2216,14,1,0,218,283,1353,322
106,1,2216,15,3,3,219,289,1085,666
106,1,2216,16,3,3,221,283,1038,990
106,1,2216,17,1,0,221,289,1354,1064
106,1,2216,18,1,0,221,293,1369,962
106,1,2216,19,1,0,221,297,1030,1135
106,1,2216,20,1,0,223,276,1954,1044
106,1,2216,21,1,0,224,293,1435,1061
106,1,2216,22,1,0,224,297,1239,621
106,1,2216,23,5,10,225,302,1423,818
106,1,2216,24,1,0,228,265,1028,593
106,1,2216,25,2,2,228,280,1400,734
106,1,2216,26,1,0,228,287,1032,681
106,1,2216,27,1,0,229,277,1298,987
106,1,2216,28,1,0,232,272,996,296
106,1,2216,29,1,0,232,289,1036,609
106,1,2216,30,1,0,234,290,1323,1044
106,1,2216,31,2,2,238,291,1532,944
106,1,2216,32,1,0,245,308,980,355
106,2,2874,1,1,0,259,364,2642,1770
106,2,2874,2,1,0,263,347,2239,950
106,2,2874,3,2,2,264,364,1521,768
106,2,2874,4,1,0,266,344,1622,968
106,2,2874,5,1,0,266,365,1611,420
106,2,2874,6,1,0,267,368,1457,994
106,2,2874,7,1,0,271,341,1483,681
106,2,2874,8,3,3,272,346,1702,609
106,2,2874,9,1,0,274,362,1842,773
106,2,2874,10,1,0,276,370,1597,720
106,2,2874,11,1,0,276,373,1635,1131
106,2,2874,12,1,0,277,343,1490,635
106,2,2874,13,2,3,279,364,2010,1179
106,2,2874,14,1,0,281,370,1801,1363
106,2,2874,15,1,0,281,372,1961,822
106,2,2874,16,2,2,284,342,1795,1082
106,2,2874,17,4,4,284,370,1670,801
106,2,2874,18,2,2,293,362,1592,790
106,2,2874,19,1,0,295,369,1591,1090
106,3,1852,1,1,0,250,177,1010,701
106,3,1852,2,2,2,272,181,1133,327
106,3,1852,3,1,0,273,177,1005,276
106,3,1852,4,3,4,275,181,1583,533
106,3,1852,5,1,0,275,176,1282,601
106,3,1852,6,7,9,278,175,1195,524
106,3,1852,7,2,2,279,169,1230,588
106,3,1852,8,3,5,280,180,1387,713
106,3,1852,9,1,0,280,184,1307,1045
106,3,1852,10,4,4,285,175,1614,593
106,4,1657,1,1,0,259,279,732,413
106,4,1657,2,1,0,260,282,785,509
106,4,1657,3,1,0,260,285,792,503
106,4,1657,4,1,0,265,280,800,689
106,4,1657,5,1,0,271,285,761,516
106,4,1657,6,1,0,272,293,709,596
106,4,1657,7,3,3,277,293,857,709
106,4,1657,8,1,0,277,286,815,505
106,4,1657,9,2,3,282,291,811,546
106,4,1657,10,1,0,283,283,737,576
106,4,1657,11,2,2,291,288,971,475
106,4,1657,12,1,0,293,294,924,475
106,4,1657,13,1,0,297,290,696,508
106,4,1657,14,7,10,300,298,777,393
106,4,1657,15,2,2,300,293,752,529
106,4,1657,16,1,0,300,304,710,293
106,5,1638,1,5,5,298,161,1029,451
106,5,1638,2,4,5,298,173,944,327
106,5,1638,3,1,0,301,165,880,175
106,5,1638,4,2,2,304,167,861,524
106,5,1638,5,1,0,305,158,732,454
106,5,1638,6,1,0,310,154,914,178
106,5,1638,7,1,0,311,161,755,486
106,5,1638,8,1,0,312,164,840,147
106,5,1638,9,1,0,319,167,969,499
106,5,1638,10,1,0,320,161,956,341
106,5,1638,11,1,0,326,195,920,538
106,5,1638,12,2,3,331,170,838,367
106,6,1604,1,1,0,333,343,645,518
106,6,1604,2,1,0,334,341,675,374
106,6,1604,3,1,0,336,352,664,150
106,6,1604,4,1,0,338,348,711,431
106,6,1604,5,1,0,339,343,669,34
106,6,1604,6,1,0,339,354,663,227
106,6,1604,7,1,0,340,351,624,328
106,6,1604,8,1,0,348,321,666,128
106,6,1604,9,1,0,356,311,632,383
106,6,1604,10,1,0,357,308,718,277
106,6,1604,11,2,2,359,329,689,240
106,6,1604,12,1,0,360,308,871,207
106,6,1604,13,1,0,361,305,1178,515
106,6,1604,14,1,0,363,300,713,498
106,6,1604,15,1,0,365,303,865,129
106,6,1604,16,1,0,366,298,762,303
106,6,1604,17,1,0,367,346,725,390
106,6,1604,18,1,0,370,324,626,213
106,6,1604,19,3,3,371,340,749,312
106,6,1604,20,1,0,372,312,863,472
106,6,1604,21,1,0,372,322,681,201
106,6,1604,22,1,0,373,295,658,450
106,6,1604,23,1,0,379,291,642,286
106,6,1604,24,1,0,381,297,639,678
107,1,2235,1,1,0,199,299,1046,508
107,1,2235,2,5,5,209,287,1438,584
107,1,2235,3,5,8,212,281,1218,990
107,1,2235,4,1,0,210,309,1636,655
107,1,2235,5,6,7,212,290,1128,1055
107,1,2235,6,4,7,214,296,1218,971
107,1,2235,7,1,0,212,321,1064,707
107,1,2235,8,1,0,213,285,1975,1144
107,1,2235,9,2,3,214,300,1024,721
107,1,2235,10,1,0,215,281,1436,852
107,1,2235,11,2,2,215,288,1029,973
107,1,2235,12,1,0,215,293,1098,354
107,1,2235,13,1,0,216,274,1408,926
107,1,2235,14,2,2,219,283,1127,453
107,1,2235,15,1,0,218,289,1100,345
107,1,2235,16,1,0,220,260,976,351
107,1,2235,17,1,0,220,262,1151,592
107,1,2235,18,2,2,221,293,1586,837
107,1,2235,19,2,2,222,283,1132,504
107,1,2235,20,2,2,221,289,1311,834
107,1,2235,21,2,2,224,293,1108,938
107,1,2235,22,1,0,224,297,977,968
107,1,2235,23,3,5,225,303,1354,953
107,1,2235,24,3,3,228,280,1315,743
107,1,2235,25,1,0,228,287,985,863
107,1,2235,26,5,6,234,289,1461,962
107,1,2235,27,2,2,238,292,1230,991
107,1,2235,28,2,2,245,308,1176,951
107,2,2848,1,1,0,259,364,2646,1715
107,2,2848,2,4,5,264,364,1486,662
107,2,2848,3,1,0,266,344,1640,1003
107,2,2848,4,1,0,268,366,1583,523
107,2,2848,5,1,0,268,369,1747,976
107,2,2848,6,1,0,270,370,2060,395
107,2,2848,7,1,0,271,363,1489,661
107,2,2848,8,1,0,272,345,2447,1102
107,2,2848,9,1,0,273,371,1564,878
107,2,2848,10,3,3,276,373,1594,1139
107,2,2848,11,1,0,277,343,2646,1108
107,2,2848,12,1,0,277,370,2059,1408
107,2,2848,13,3,3,279,364,1758,1215
107,2,2848,14,3,3,281,370,1559,927
107,2,2848,15,3,3,283,342,1624,785
107,2,2848,16,2,2,293,362,2085,907
107,3,1873,1,1,0,273,178,1038,146
107,3,1873,2,3,3,275,176,1163,662
107,3,1873,3,1,0,274,181,1342,933
107,3,1873,4,6,8,278,175,1455,613
107,3,1873,5,1,0,276,181,1339,817
107,3,1873,6,1,0,277,179,1455,353
107,3,1873,7,2,2,279,169,1216,594
107,3,1873,8,2,2,281,180,1575,570
107,3,1873,9,3,5,281,183,1207,403
107,3,1873,10,1,0,283,171,1015,118
107,3,1873,11,4,5,284,174,1634,646
107,4,1662,1,1,0,260,276,792,567
107,4,1662,2,1,0,261,285,713,476
107,4,1662,3,1,0,263,284,725,421
107,4,1662,4,1,0,264,276,848,564
107,4,1662,5,1,0,264,291,765,535
107,4,1662,6,1,0,266,280,693,434
107,4,1662,7,1,0,266,290,895,386
107,4,1662,8,1,0,268,287,775,446
107,4,1662,9,1,0,268,290,956,572
107,4,1662,10,1,0,271,285,750,844
107,4,1662,11,2,2,277,293,885,507
107,4,1662,12,1,0,282,291,764,354
107,4,1662,13,1,0,286,289,882,213
107,4,1662,14,1,0,290,288,736,458
107,4,1662,15,1,0,291,291,779,550
107,4,1662,16,3,5,298,296,760,277
107,4,1662,17,4,5,301,299,809,510
107,4,1662,18,1,0,312,326,698,394
107,4,1662,19,1,0,317,302,790,199
107,4,1662,20,1,0,322,322,929,371
107,5,1536,1,3,3,298,173,792,387
107,5,1536,2,5,5,298,161,1001,545
107,5,1536,3,1,0,302,165,655,536
107,5,1536,4,1,0,302,170,628,371
107,5,1536,5,1,0,302,179,635,74
107,5,1536,6,2,2,304,167,960,571
107,5,1536,7,1,0,305,158,911,313
107,5,1536,8,1,0,306,172,841,3
107,5,1536,9,1,0,310,161,683,621
107,5,1536,10,2,2,320,162,684,421
107,5,1536,11,1,0,326,195,1248,994
107,5,1536,12,2,2,331,170,822,235
107,6,1587,1,1,0,330,347,631,74
107,6,1587,2,1,0,334,338,752,272
107,6,1587,3,2,2,335,341,664,487
107,6,1587,4,3,5,337,346,688,554
107,6,1587,5,1,0,338,349,613,188
107,6,1587,6,1,0,339,353,599,353
107,6,1587,7,1,0,351,314,936,270
107,6,1587,8,1,0,354,333,657,261
107,6,1587,9,2,3,357,311,743,373
107,6,1587,10,1,0,358,303,745,145
107,6,1587,11,1,0,358,306,601,438
107,6,1587,12,2,3,362,305,943,556
107,6,1587,13,1,0,362,299,649,539
107,6,1587,14,1,0,367,344,1102,675
107,6,1587,15,1,0,370,304,667,287
107,6,1587,16,1,0,370,332,771,498
107,6,1587,17,1,0,371,297,684,506
107,6,1587,18,1,0,373,303,643,432
107,6,1587,19,1,0,376,297,599,378
107,6,1587,20,1,0,376,305,694,322
107,6,1587,21,1,0,378,290,642,383
107,6,1587,22,1,0,378,295,683,672
107,6,1587,23,2,3,379,314,615,235
108,1,2244,1,1,0,204,295,1060,584
108,1,2244,2,1,0,205,300,1013,427
108,1,2244,3,1,0,207,292,1016,691
108,1,2244,4,2,2,209,287,1891,1140
108,1,2244,5,1,0,209,294,1161,601
108,1,2244,6,6,6,211,289,1246,856
108,1,2244,7,4,5,212,281,1636,919
108,1,2244,8,3,3,213,285,1227,975
108,1,2244,9,1,0,213,321,986,644
108,1,2244,10,1,0,214,281,1689,920
108,1,2244,11,1,0,214,295,1008,393
108,1,2244,12,1,0,214,299,1133,850
108,1,2244,13,8,14,217,285,1178,696
108,1,2244,14,1,0,217,265,1039,511
108,1,2244,15,1,0,218,276,1010,762
108,1,2244,16,2,3,221,284,1122,886
108,1,2244,17,1,0,220,293,1086,723
108,1,2244,18,3,3,221,288,1471,1006
108,1,2244,19,3,6,223,293,1043,546
108,1,2244,20,2,2,223,301,1146,651
108,1,2244,21,1,0,224,286,1517,960
108,1,2244,22,2,2,225,303,1680,1150
108,1,2244,23,4,4,229,280,1473,689
108,1,2244,24,1,0,228,287,1038,1013
108,1,2244,25,1,0,231,277,1337,632
108,1,2244,26,1,0,231,287,1035,852
108,1,2244,27,4,5,234,289,1494,879
108,1,2244,28,2,2,245,308,1119,810
108,2,2798,1,1,0,259,364,2648,1440
108,2,2798,2,2,3,264,364,1895,858
108,2,2798,3,1,0,264,366,1712,860
108,2,2798,4,2,2,267,343,1489,985
108,2,2798,5,1,0,268,369,1870,1156
108,2,2798,6,1,0,269,357,1463,928
108,2,2798,7,1,0,270,370,1449,523
108,2,2798,8,2,3,272,346,1438,416
108,2,2798,9,1,0,271,363,1351,609
108,2,2798,10,1,0,273,367,1519,664
108,2,2798,11,1,0,273,371,1451,520
108,2,2798,12,2,2,276,373,1631,1147
108,2,2798,13,2,2,277,343,2333,1066
108,2,2798,14,2,2,278,370,1965,1171
108,2,2798,15,3,3,279,364,1649,972
108,2,2798,16,1,0,281,370,2310,1197
108,2,2798,17,1,0,283,370,1555,737
108,2,2798,18,2,2,284,342,1488,756
108,2,2798,19,1,0,288,374,1387,568
108,2,2798,20,1,0,293,362,2387,907
108,2,2798,21,1,0,295,369,1853,1247
108,3,1875,1,4,6,275,181,1330,485
108,3,1875,2,3,3,275,176,1372,488
108,3,1875,3,6,6,278,175,1104,663
108,3,1875,4,1,0,277,179,1139,309
108,3,1875,5,3,4,279,169,1224,710
108,3,1875,6,2,2,280,180,1888,754
108,3,1875,7,1,0,280,184,1376,387
108,3,1875,8,1,0,283,171,1228,504
108,3,1875,9,4,7,285,175,1256,332
108,4,1679,1,1,0,259,281,757,649
108,4,1679,2,1,0,260,279,727,699
108,4,1679,3,1,0,264,280,743,675
108,4,1679,4,1,0,264,290,1069,619
108,4,1679,5,1,0,271,300,777,416
108,4,1679,6,1,0,273,302,844,832
108,4,1679,7,5,7,276,293,843,628
108,4,1679,8,1,0,278,290,713,415
108,4,1679,9,1,0,281,290,977,498
108,4,1679,10,1,0,284,283,734,817
108,4,1679,11,2,2,290,291,986,508
108,4,1679,12,3,5,298,296,760,241
108,4,1679,13,1,0,300,292,726,78
108,4,1679,14,2,2,300,300,914,582
108,4,1679,15,1,0,313,306,808,82
108,4,1679,16,1,0,314,325,737,488
108,4,1679,17,1,0,316,302,726,554
108,4,1679,18,1,0,319,306,754,26
108,5,1545,1,3,3,297,173,768,226
108,5,1545,2,4,4,299,161,1069,509
108,5,1545,3,1,0,301,179,753,346
108,5,1545,4,1,0,303,167,1336,447
108,5,1545,5,1,0,305,152,731,294
108,5,1545,6,1,0,305,158,767,426
108,5,1545,7,1,0,305,173,752,188
108,5,1545,8,2,3,310,154,855,273
108,5,1545,9,1,0,309,158,632,83
108,5,1545,10,1,0,310,162,671,340
108,5,1545,11,1,0,312,164,921,477
108,5,1545,12,1,0,314,163,759,417
108,5,1545,13,1,0,320,161,663,193
108,5,1545,14,1,0,326,195,828,756
108,5,1545,15,1,0,331,170,955,503
108,6,1617,1,3,5,338,347,731,647
108,6,1617,2,1,0,339,344,654,298
108,6,1617,3,1,0,340,349,858,425
108,6,1617,4,1,0,340,352,759,612
108,6,1617,5,1,0,342,333,740,151
108,6,1617,6,1,0,342,354,693,392
108,6,1617,7,1,0,343,343,712,326
108,6,1617,8,1,0,345,331,708,728
108,6,1617,9,1,0,346,335,655,272
108,6,1617,10,1,0,351,314,739,0
108,6,1617,11,1,0,355,310,783,0
108,6,1617,12,2,3,360,309,668,427
108,6,1617,13,1,0,363,301,630,400
108,6,1617,14,1,0,364,304,752,673
108,6,1617,15,1,0,364,351,930,243
108,6,1617,16,1,0,365,310,689,455
108,6,1617,17,1,0,367,344,951,368
108,6,1617,18,1,0,370,337,650,242
108,6,1617,19,1,0,370,340,667,429
108,6,1617,20,1,0,371,297,734,589
108,6,1617,21,1,0,375,291,686,168
108,6,1617,22,1,0,378,309,671,10
108,6,1617,23,1,0,378,315,670,432
108,6,1617,24,1,0,380,308,658,238
108,6,1617,25,1,0,382,298,632,547
109,1,2216,1,1,0,206,302,1023,214
109,1,2216,2,2,2,209,288,1752,909
109,1,2216,3,1,0,209,292,1018,1146
109,1,2216,4,1,0,211,278,966,534
109,1,2216,5,6,7,212,281,1548,1059
109,1,2216,6,2,2,211,289,1156,1058
109,1,2216,7,1,0,211,307,1342,639
109,1,2216,8,2,2,212,285,1282,759
109,1,2216,9,1,0,213,287,963,594
109,1,2216,10,2,3,214,296,1279,899
109,1,2216,11,2,2,214,299,1079,866
109,1,2216,12,1,0,213,322,980,727
109,1,2216,13,1,0,215,285,1162,130
109,1,2216,14,3,6,216,287,1225,678
109,1,2216,15,1,0,217,281,1105,657
109,1,2216,16,1,0,218,284,1686,733
109,1,2216,17,2,2,218,290,1187,806
109,1,2216,18,1,0,219,286,1386,1097
109,1,2216,19,3,3,221,284,1106,750
109,1,2216,20,1,0,221,288,1249,904
109,1,2216,21,2,2,221,294,1220,1215
109,1,2216,22,1,0,222,302,1489,673
109,1,2216,23,1,0,223,293,1474,772
109,1,2216,24,1,0,224,275,975,631
109,1,2216,25,1,0,224,286,1525,979
109,1,2216,26,1,0,224,297,1235,484
109,1,2216,27,4,4,226,303,1522,738
109,1,2216,28,1,0,228,271,957,747
109,1,2216,29,5,6,229,278,1575,930
109,1,2216,30,1,0,228,287,1033,940
109,1,2216,31,1,0,233,265,1074,341
109,1,2216,32,4,4,234,290,1517,1010
109,1,2216,33,1,0,238,293,1036,726
109,1,2216,34,2,2,245,308,1110,815
109,2,2777,1,2,2,260,364,1927,1284
109,2,2777,2,1,0,263,364,1898,1132
109,2,2777,3,1,0,264,366,2149,1144
109,2,2777,4,1,0,265,363,1412,689
109,2,2777,5,1,0,267,343,2103,809
109,2,2777,6,2,2,269,371,1726,671
109,2,2777,7,3,5,271,345,1734,529
109,2,2777,8,1,0,270,358,1396,1041
109,2,2777,9,1,0,274,362,1618,1048
109,2,2777,10,2,2,276,373,2031,1175
109,2,2777,11,2,2,277,343,2557,872
109,2,2777,12,3,3,279,364,1700,1143
109,2,2777,13,1,0,278,370,1848,1187
109,2,2777,14,2,2,281,370,1740,1159
109,2,2777,15,1,0,284,341,2112,1001
109,2,2777,16,1,0,284,370,1399,761
109,2,2777,17,1,0,292,357,1559,817
109,2,2777,18,2,2,294,362,2003,1119
109,3,1878,1,1,0,250,177,988,380
109,3,1878,2,3,5,274,176,1496,674
109,3,1878,3,3,4,274,181,1188,463
109,3,1878,4,4,5,278,176,1646,674
109,3,1878,5,2,2,277,180,1081,547
109,3,1878,6,2,2,280,168,984,381
109,3,1878,7,4,4,280,181,1573,631
109,3,1878,8,2,2,281,184,1268,535
109,3,1878,9,2,2,283,175,1040,519
109,3,1878,10,3,3,285,174,1205,425
109,4,1672,1,1,0,261,277,863,463
109,4,1672,2,1,0,264,279,739,831
109,4,1672,3,1,0,264,287,734,349
109,4,1672,4,1,0,264,290,862,553
109,4,1672,5,1,0,270,290,774,182
109,4,1672,6,1,0,274,282,709,485
109,4,1672,7,1,0,275,293,709,722
109,4,1672,8,1,0,277,283,806,527
109,4,1672,9,1,0,277,292,992,714
109,4,1672,10,1,0,278,285,1019,582
109,4,1672,11,1,0,282,290,740,620
109,4,1672,12,1,0,285,290,749,196
109,4,1672,13,2,2,289,291,982,590
109,4,1672,14,2,2,290,288,1278,358
109,4,1672,15,1,0,294,293,888,402
109,4,1672,16,1,0,297,295,973,220
109,4,1672,17,1,0,298,297,721,170
109,4,1672,18,1,0,299,295,718,287
109,4,1672,19,2,2,300,300,1030,588
109,4,1672,20,1,0,301,319,919,295
109,4,1672,21,1,0,303,300,906,110
109,4,1672,22,1,0,311,302,772,279
109,4,1672,23,1,0,314,324,774,471
109,4,1672,24,1,0,314,329,779,502
109,5,1544,1,2,2,297,174,786,141
109,5,1544,2,4,5,299,161,988,553
109,5,1544,3,1,0,303,167,940,336
109,5,1544,4,2,2,305,158,897,240
109,5,1544,5,2,2,305,174,793,115
109,5,1544,6,1,0,307,159,630,481
109,5,1544,7,3,3,310,154,859,284
109,5,1544,8,1,0,310,161,653,351
109,5,1544,9,1,0,312,164,669,329
109,5,1544,10,1,0,313,159,716,69
109,5,1544,11,1,0,314,163,1221,421
109,5,1544,12,1,0,326,195,1450,485
109,5,1544,13,1,0,331,170,1315,683
109,6,1634,1,2,3,338,345,716,419
109,6,1634,2,1,0,337,349,697,375
109,6,1634,3,1,0,339,350,674,453
109,6,1634,4,2,3,342,355,678,636
109,6,1634,5,1,0,352,337,798,293
109,6,1634,6,1,0,357,355,682,230
109,6,1634,7,1,0,358,303,791,295
109,6,1634,8,2,2,360,309,774,491
109,6,1634,9,1,0,363,303,712,488
109,6,1634,10,3,3,365,351,700,131
109,6,1634,11,1,0,367,309,720,860
109,6,1634,12,3,5,368,344,800,236
109,6,1634,13,1,0,372,298,791,586
109,6,1634,14,1,0,372,340,701,246
109,6,1634,15,1,0,373,304,665,386
109,6,1634,16,1,0,375,316,722,499
109,6,1634,17,1,0,376,330,699,644
109,6,1634,18,1,0,378,292,675,391
109,6,1634,19,1,0,378,315,737,239
109,6,1634,20,1,0,378,321,691,0
109,6,1634,21,1,0,380,302,706,250
110,1,2215,1,1,0,205,282,1017,354
110,1,2215,2,1,0,208,279,988,666
110,1,2215,3,1,0,208,289,1355,847
110,1,2215,4,2,2,209,294,1277,603
110,1,2215,5,3,3,211,288,1060,769
110,1,2215,6,1,0,211,291,973,484
110,1,2215,7,6,8,213,281,1320,818
110,1,2215,8,3,3,212,284,1320,1063
110,1,2215,9,2,2,214,296,1140,875
110,1,2215,10,2,2,214,298,1371,784
110,1,2215,11,1,0,214,291,1064,641
110,1,2215,12,1,0,216,264,1057,612
110,1,2215,13,2,2,216,287,1141,707
110,1,2215,14,5,9,219,283,1157,743
110,1,2215,15,1,0,219,286,1038,445
110,1,2215,16,2,3,221,294,1253,684
110,1,2215,17,2,2,222,288,1187,973
110,1,2215,18,1,0,223,294,1420,629
110,1,2215,19,1,0,224,276,975,698
110,1,2215,20,1,0,224,286,2119,1438
110,1,2215,21,1,0,224,297,1150,525
110,1,2215,22,4,5,225,303,1722,1061
110,1,2215,23,3,3,228,277,1236,918
110,1,2215,24,1,0,229,270,998,366
110,1,2215,25,2,2,229,280,1700,736
110,1,2215,26,2,2,231,287,1287,824
110,1,2215,27,5,5,233,289,1426,1141
110,1,2215,28,3,5,236,284,1036,598
110,1,2215,29,1,0,245,307,1248,914
110,2,2831,1,1,0,259,364,2493,1637
110,2,2831,2,2,2,264,366,1562,782
110,2,2831,3,2,2,268,343,2105,869
110,2,2831,4,1,0,269,366,1389,513
110,2,2831,5,1,0,270,370,1442,449
110,2,2831,6,1,0,271,342,1466,536
110,2,2831,7,1,0,271,344,1698,713
110,2,2831,8,1,0,271,346,1524,769
110,2,2831,9,1,0,274,346,1548,1150
110,2,2831,10,1,0,274,362,1405,541
110,2,2831,11,2,2,276,373,1710,652
110,2,2831,12,3,3,277,342,1976,966
110,2,2831,13,2,2,279,364,2267,1543
110,2,2831,14,1,0,280,353,1407,468
110,2,2831,15,2,2,281,369,2182,1239
110,2,2831,16,1,0,283,340,2063,1121
110,2,2831,17,2,2,283,370,1497,375
110,2,2831,18,2,2,294,362,2126,704
110,2,2831,19,1,0,295,369,2196,965
110,3,1926,1,1,0,250,177,1051,668
110,3,1926,2,2,2,274,181,1449,611
110,3,1926,3,1,0,275,176,2115,1176
110,3,1926,4,9,14,278,180,1284,564
110,3,1926,5,3,6,279,169,1196,671
110,3,1926,6,4,4,279,176,1277,592
110,3,1926,7,1,0,280,184,1224,536
110,3,1926,8,4,4,284,175,1608,648
110,4,1672,1,1,0,257,282,788,180
110,4,1672,2,1,0,260,282,732,673
110,4,1672,3,1,0,262,287,903,676
110,4,1672,4,1,0,265,279,750,656
110,4,1672,5,1,0,271,297,782,580
110,4,1672,6,1,0,274,293,745,521
110,4,1672,7,2,2,278,292,784,849
110,4,1672,8,3,3,282,290,819,447
110,4,1672,9,2,2,289,291,885,710
110,4,1672,10,1,0,290,288,1053,300
110,4,1672,11,1,0,292,293,921,555
110,4,1672,12,1,0,297,290,767,217
110,4,1672,13,1,0,299,295,935,289
110,4,1672,14,1,0,299,297,726,385
110,4,1672,15,4,5,301,299,898,279
110,4,1672,16,1,0,304,301,773,472
110,4,1672,17,1,0,307,299,766,246
110,4,1672,18,1,0,311,326,907,675
110,4,1672,19,1,0,316,329,823,223
110,5,1613,1,1,0,295,178,827,774
110,5,1613,2,1,0,297,159,702,367
110,5,1613,3,3,3,297,173,831,184
110,5,1613,4,2,2,299,163,1018,346
110,5,1613,5,1,0,298,165,820,73
110,5,1613,6,2,3,304,167,897,429
110,5,1613,7,1,0,304,158,756,233
110,5,1613,8,3,3,310,154,840,227
110,5,1613,9,1,0,309,159,781,425
110,5,1613,10,1,0,314,163,732,349
110,5,1613,11,1,0,318,162,733,35
110,5,1613,12,1,0,320,161,732,103
110,5,1613,13,1,0,326,195,1129,761
110,5,1613,14,2,3,331,170,872,367
110,6,1596,1,1,0,331,344,768,379
110,6,1596,2,1,0,334,351,665,386
110,6,1596,3,1,0,337,344,647,754
110,6,1596,4,2,2,341,349,664,446
110,6,1596,5,1,0,342,339,680,350
110,6,1596,6,1,0,345,356,835,618
110,6,1596,7,1,0,350,331,838,279
110,6,1596,8,1,0,353,324,629,354
110,6,1596,9,1,0,355,311,785,249
110,6,1596,10,1,0,357,348,656,231
110,6,1596,11,1,0,358,303,654,462
110,6,1596,12,1,0,359,329,639,491
110,6,1596,13,1,0,360,304,702,228
110,6,1596,14,1,0,361,326,657,206
110,6,1596,15,1,0,364,301,674,241
110,6,1596,16,2,2,365,304,725,488
110,6,1596,17,1,0,365,324,609,235
110,6,1596,18,1,0,367,345,674,199
110,6,1596,19,1,0,370,297,620,125
110,6,1596,20,1,0,370,341,767,380
110,6,1596,21,1,0,372,331,627,185
110,6,1596,22,1,0,373,297,755,350
110,6,1596,23,1,0,373,299,608,381
110,6,1596,24,1,0,374,314,633,370
110,6,1596,25,1,0,375,303,761,743
110,6,1596,26,1,0,378,322,748,0
111,1,2201,1,1,0,202,313,947,722
111,1,2201,2,1,0,203,315,1004,345
111,1,2201,3,1,0,204,305,1027,356
111,1,2201,4,1,0,208,291,1053,340
111,1,2201,5,1,0,208,297,1029,290
111,1,2201,6,3,6,211,287,1302,748
111,1,2201,7,1,0,210,305,1380,555
111,1,2201,8,6,7,212,281,1281,973
111,1,2201,9,2,2,213,285,1225,878
111,1,2201,10,2,2,212,291,1038,763
111,1,2201,11,2,2,214,296,1656,775
111,1,2201,12,1,0,213,298,1387,1198
111,1,2201,13,1,0,214,277,957,617
111,1,2201,14,1,0,216,281,1178,792
111,1,2201,15,2,2,217,286,1442,994
111,1,2201,16,4,5,218,284,1217,549
111,1,2201,17,1,0,219,289,1067,527
111,1,2201,18,1,0,220,294,1028,1105
111,1,2201,19,1,0,221,283,975,1016
111,1,2201,20,2,2,222,288,1508,1135
111,1,2201,21,1,0,222,294,1025,693
111,1,2201,22,6,8,225,302,1342,758
111,1,2201,23,1,0,224,276,970,802
111,1,2201,24,1,0,224,285,1478,577
111,1,2201,25,1,0,224,294,1169,416
111,1,2201,26,1,0,226,264,979,622
111,1,2201,27,1,0,226,271,973,467
111,1,2201,28,3,3,228,276,1179,1032
111,1,2201,29,1,0,228,288,1231,862
111,1,2201,30,2,2,229,280,1406,842
111,1,2201,31,1,0,231,271,979,677
111,1,2201,32,6,7,233,289,1454,1066
111,1,2201,33,1,0,238,282,949,426
111,2,2889,1,1,0,259,364,2041,1304
111,2,2889,2,1,0,262,347,1452,1051
111,2,2889,3,4,5,264,365,1775,900
111,2,2889,4,2,2,268,343,1655,857
111,2,2889,5,1,0,269,366,1759,836
111,2,2889,6,1,0,270,344,1523,949
111,2,2889,7,1,0,270,370,1605,615
111,2,2889,8,1,0,271,346,1724,501
111,2,2889,9,3,3,272,371,1631,830
111,2,2889,10,2,2,276,373,1743,694
111,2,2889,11,3,3,277,342,1936,924
111,2,2889,12,2,2,279,364,2137,1376
111,2,2889,13,3,3,282,369,2143,1108
111,2,2889,14,1,0,283,340,1927,734
111,2,2889,15,1,0,294,362,2655,1200
111,2,2889,16,1,0,295,369,1488,951
111,3,1885,1,1,0,250,177,1331,486
111,3,1885,2,11,12,276,180,1272,530
111,3,1885,3,1,0,275,176,1633,1110
111,3,1885,4,1,0,278,169,1426,588
111,3,1885,5,2,3,279,176,1175,636
111,3,1885,6,1,0,280,169,1204,536
111,3,1885,7,4,8,280,183,1410,617
111,3,1885,8,4,5,284,175,1355,489
111,4,1671,1,1,0,259,280,891,537
111,4,1671,2,1,0,265,283,811,581
111,4,1671,3,1,0,265,289,726,460
111,4,1671,4,1,0,273,302,979,611
111,4,1671,5,3,5,278,292,780,638
111,4,1671,6,1,0,282,290,807,291
111,4,1671,7,3,3,289,291,987,535
111,4,1671,8,2,2,290,288,873,405
111,4,1671,9,2,3,294,294,773,185
111,4,1671,10,3,3,298,295,759,195
111,4,1671,11,5,8,300,299,911,408
111,4,1671,12,1,0,303,300,712,175
111,4,1671,13,1,0,305,298,801,189
111,4,1671,14,1,0,314,324,733,729
111,5,1589,1,2,2,299,164,931,321
111,5,1589,2,1,0,301,179,718,308
111,5,1589,3,3,3,304,167,787,353
111,5,1589,4,1,0,305,158,1003,386
111,5,1589,5,1,0,305,173,788,298
111,5,1589,6,3,3,310,154,957,403
111,5,1589,7,1,0,310,161,712,198
111,5,1589,8,2,2,313,160,701,0
111,5,1589,9,2,2,313,164,715,241
111,5,1589,10,1,0,319,167,726,62
111,5,1589,11,1,0,326,195,1051,749
111,5,1589,12,3,5,330,170,724,443
111,6,1606,1,1,0,331,347,694,642
111,6,1606,2,1,0,332,341,628,284
111,6,1606,3,1,0,336,335,701,474
111,6,1606,4,4,7,338,348,674,388
111,6,1606,5,1,0,339,341,1025,81
111,6,1606,6,1,0,340,356,697,453
111,6,1606,7,1,0,342,340,700,261
111,6,1606,8,1,0,342,350,730,529
111,6,1606,9,1,0,343,337,661,33
111,6,1606,10,1,0,348,345,628,360
111,6,1606,11,3,3,355,309,876,331
111,6,1606,12,1,0,358,303,791,256
111,6,1606,13,1,0,358,311,625,628
111,6,1606,14,1,0,363,308,678,298
111,6,1606,15,1,0,364,305,627,314
111,6,1606,16,1,0,366,303,680,703
111,6,1606,17,1,0,368,345,766,227
111,6,1606,18,1,0,371,339,672,244
111,6,1606,19,2,2,372,295,720,513
111,6,1606,20,1,0,378,321,643,160
111,6,1606,21,1,0,379,295,620,410
111,6,1606,22,1,0,379,305,654,471
112,1,2166,1,1,0,195,304,959,205
112,1,2166,2,1,0,204,313,928,561
112,1,2166,3,1,0,205,300,931,325
112,1,2166,4,1,0,205,307,1015,403
112,1,2166,5,4,5,208,292,1101,726
112,1,2166,6,2,2,208,299,1116,1045
112,1,2166,7,1,0,209,294,1176,736
112,1,2166,8,2,2,211,283,924,697
112,1,2166,9,1,0,211,289,1118,870
112,1,2166,10,1,0,211,302,947,522
112,1,2166,11,1,0,211,304,1117,617
112,1,2166,12,3,6,213,278,1067,880
112,1,2166,13,2,2,213,285,1656,1018
112,1,2166,14,3,6,213,297,1165,806
112,1,2166,15,1,0,213,281,1143,793
112,1,2166,16,1,0,216,286,1366,897
112,1,2166,17,2,2,218,284,1377,835
112,1,2166,18,1,0,218,290,950,796
112,1,2166,19,3,3,220,294,1181,772
112,1,2166,20,3,3,220,283,1102,786
112,1,2166,21,2,2,222,288,1299,1074
112,1,2166,22,2,2,223,293,1106,651
112,1,2166,23,3,4,223,301,1256,743
112,1,2166,24,2,2,224,285,948,434
112,1,2166,25,1,0,224,297,1022,530
112,1,2166,26,2,2,226,303,2053,1003
112,1,2166,27,1,0,227,279,963,630
112,1,2166,28,3,3,228,276,1546,828
112,1,2166,29,1,0,228,288,925,833
112,1,2166,30,5,6,233,289,1240,946
112,1,2166,31,3,3,235,283,1147,727
112,1,2166,32,1,0,245,308,1005,656
112,2,2988,1,2,2,260,364,1855,872
112,2,2988,2,1,0,263,347,1549,773
112,2,2988,3,2,2,264,365,2182,973
112,2,2988,4,1,0,267,343,1713,1255
112,2,2988,5,1,0,269,366,1551,754
112,2,2988,6,1,0,269,370,1590,815
112,2,2988,7,3,5,272,372,2223,1354
112,2,2988,8,1,0,273,362,1581,822
112,2,2988,9,2,2,276,373,1858,884
112,2,2988,10,3,3,277,342,2307,1126
112,2,2988,11,2,2,280,364,1693,1102
112,2,2988,12,1,0,280,369,1580,1108
112,2,2988,13,1,0,281,371,1763,1095
112,2,2988,14,1,0,284,340,1661,832
112,2,2988,15,4,5,284,370,2112,1268
112,2,2988,16,2,2,294,362,2299,1000
112,3,1856,1,2,2,273,181,1097,498
112,3,1856,2,2,2,275,176,1144,639
112,3,1856,3,6,8,276,180,1266,593
112,3,1856,4,6,7,278,175,1351,622
112,3,1856,5,1,0,278,169,1339,969
112,3,1856,6,1,0,280,169,1543,601
112,3,1856,7,2,2,281,181,1420,794
112,3,1856,8,1,0,280,184,1270,930
112,3,1856,9,4,5,284,175,1341,555
112,4,1628,1,1,0,256,277,784,246
112,4,1628,2,1,0,259,286,685,371
112,4,1628,3,2,2,261,283,699,661
112,4,1628,4,2,3,262,277,719,551
112,4,1628,5,1,0,263,284,680,859
112,4,1628,6,1,0,266,289,771,539
112,4,1628,7,1,0,273,302,991,462
112,4,1628,8,1,0,278,293,1046,828
112,4,1628,9,1,0,279,289,731,643
112,4,1628,10,2,2,282,290,673,377
112,4,1628,11,1,0,284,283,685,825
112,4,1628,12,1,0,286,290,738,455
112,4,1628,13,3,5,298,296,773,253
112,4,1628,14,4,7,299,299,801,546
112,4,1628,15,1,0,303,297,691,367
112,4,1628,16,1,0,309,307,671,23
112,4,1628,17,1,0,309,329,759,320
112,4,1628,18,1,0,316,302,775,430
112,5,1504,1,1,0,300,163,631,710
112,5,1504,2,1,0,301,179,611,93
112,5,1504,3,3,3,303,166,942,328
112,5,1504,4,1,0,304,158,610,315
112,5,1504,5,1,0,306,149,605,392
112,5,1504,6,3,3,309,153,840,340
112,5,1504,7,2,2,310,159,734,190
112,5,1504,8,2,3,313,161,899,60
112,5,1504,9,1,0,312,163,915,272
112,5,1504,10,2,3,315,163,770,443
112,5,1504,11,1,0,319,167,596,171
112,5,1504,12,1,0,326,195,1279,627
112,5,1504,13,1,0,330,170,1299,570
112,5,1504,14,1,0,341,188,661,381
112,6,1615,1,1,0,333,339,630,377
112,6,1615,2,6,10,339,348,706,580
112,6,1615,3,2,2,340,354,714,514
112,6,1615,4,2,2,342,340,1029,510
112,6,1615,5,1,0,342,351,653,175
112,6,1615,6,1,0,345,337,667,692
112,6,1615,7,1,0,345,353,730,529
112,6,1615,8,1,0,353,333,631,475
112,6,1615,9,1,0,354,321,631,108
112,6,1615,10,4,5,356,310,889,448
112,6,1615,11,1,0,358,303,926,280
112,6,1615,12,2,3,359,308,830,281
112,6,1615,13,1,0,368,345,988,486
112,6,1615,14,2,3,371,340,692,245
112,6,1615,15,1,0,372,293,641,443
112,6,1615,16,1,0,380,313,728,156
113,1,2169,1,1,0,204,290,1420,705
113,1,2169,2,1,0,206,282,1107,549
113,1,2169,3,2,2,208,295,1985,1202
113,1,2169,4,2,2,207,300,972,604
113,1,2169,5,4,7,212,286,1091,694
113,1,2169,6,6,7,212,281,1302,886
113,1,2169,7,3,3,212,289,963,760
113,1,2169,8,1,0,211,304,924,785
113,1,2169,9,1,0,212,320,1197,444
113,1,2169,10,4,6,214,296,1157,790
113,1,2169,11,1,0,214,273,992,501
113,1,2169,12,1,0,214,277,980,869
113,1,2169,13,2,3,218,285,1216,837
113,1,2169,14,1,0,218,289,1010,636
113,1,2169,15,1,0,218,294,1047,372
113,1,2169,16,2,2,220,294,1165,996
113,1,2169,17,2,2,221,284,1173,1037
113,1,2169,18,3,3,222,288,1258,612
113,1,2169,19,2,2,223,293,1193,742
113,1,2169,20,2,2,224,297,1145,543
113,1,2169,21,1,0,224,301,1502,1108
113,1,2169,22,3,4,226,303,1639,1068
113,1,2169,23,3,3,229,277,1271,1196
113,1,2169,24,7,11,231,288,1294,914
113,1,2169,25,1,0,234,264,1146,684
113,1,2169,26,2,3,235,284,1149,1297
113,1,2169,27,1,0,237,293,940,272
113,1,2169,28,1,0,245,308,1109,634
113,2,2900,1,1,0,261,347,1696,762
113,2,2900,2,4,4,264,365,2034,887
113,2,2900,3,1,0,267,343,1715,614
113,2,2900,4,1,0,270,344,1847,726
113,2,2900,5,2,2,271,373,1739,1321
113,2,2900,6,1,0,275,373,1527,829
113,2,2900,7,2,2,277,343,2663,1108
113,2,2900,8,2,2,279,364,1635,1221
113,2,2900,9,2,2,280,369,1862,1271
113,2,2900,10,1,0,280,352,1471,732
113,2,2900,11,1,0,280,371,1763,802
113,2,2900,12,1,0,283,340,1624,901
113,2,2900,13,5,7,284,370,1954,1243
113,2,2900,14,1,0,285,342,1501,854
113,2,2900,15,2,2,294,362,2035,1105
113,2,2900,16,1,0,298,369,1618,1623
113,3,1901,1,1,0,247,165,1038,218
113,3,1901,2,1,0,250,177,1051,637
113,3,1901,3,1,0,267,189,1034,110
113,3,1901,4,1,0,272,182,1001,646
113,3,1901,5,1,0,273,180,1401,623
113,3,1901,6,2,2,275,176,1162,630
113,3,1901,7,5,6,276,180,1388,636
113,3,1901,8,1,0,276,174,1123,123
113,3,1901,9,4,4,279,176,1717,656
113,3,1901,10,2,2,280,169,1151,350
113,3,1901,11,2,2,280,181,1467,683
113,3,1901,12,2,3,282,187,1231,683
113,3,1901,13,2,3,285,174,1043,426
113,4,1647,1,1,0,259,280,844,604
113,4,1647,2,1,0,260,282,702,773
113,4,1647,3,1,0,263,289,694,753
113,4,1647,4,1,0,272,285,732,555
113,4,1647,5,2,2,272,302,746,701
113,4,1647,6,1,0,273,292,722,638
113,4,1647,7,1,0,276,283,701,0
113,4,1647,8,2,3,278,287,726,595
113,4,1647,9,1,0,278,289,816,415
113,4,1647,10,1,0,278,293,874,700
113,4,1647,11,1,0,280,309,720,249
113,4,1647,12,2,2,282,290,854,693
113,4,1647,13,2,3,290,288,700,401
113,4,1647,14,1,0,293,298,691,357
113,4,1647,15,1,0,295,292,726,451
113,4,1647,16,5,8,299,298,816,398
113,4,1647,17,1,0,299,292,736,504
113,4,1647,18,1,0,308,310,831,614
113,4,1647,19,1,0,315,329,691,219
113,5,1546,1,1,0,296,175,710,207
113,5,1546,2,1,0,300,156,739,413
113,5,1546,3,2,2,302,172,649,523
113,5,1546,4,1,0,303,166,1113,537
113,5,1546,5,1,0,304,158,1079,467
113,5,1546,6,1,0,305,173,899,234
113,5,1546,7,2,3,310,153,922,262
113,5,1546,8,1,0,311,158,644,107
113,5,1546,9,4,5,312,160,768,91
113,5,1546,10,1,0,314,163,758,361
113,5,1546,11,1,0,315,186,668,0
113,5,1546,12,2,2,320,167,931,100
113,5,1546,13,1,0,320,161,862,394
113,5,1546,14,1,0,326,195,1028,576
113,5,1546,15,1,0,330,170,984,826
113,6,1630,1,1,0,337,345,734,754
113,6,1630,2,1,0,337,348,667,511
113,6,1630,3,1,0,340,346,763,409
113,6,1630,4,2,2,341,340,758,439
113,6,1630,5,1,0,341,354,792,716
113,6,1630,6,1,0,342,349,826,431
113,6,1630,7,1,0,343,340,682,112
113,6,1630,8,1,0,345,348,725,232
113,6,1630,9,2,3,346,354,720,254
113,6,1630,10,1,0,357,311,778,687
113,6,1630,11,1,0,359,305,672,615
113,6,1630,12,1,0,360,307,674,341
113,6,1630,13,1,0,364,304,711,433
113,6,1630,14,1,0,369,321,694,157
113,6,1630,15,1,0,370,306,681,337
113,6,1630,16,1,0,370,332,738,52
113,6,1630,17,2,2,370,341,778,439
113,6,1630,18,1,0,371,292,693,247
113,6,1630,19,3,5,372,295,696,392
113,6,1630,20,1,0,372,304,657,325
113,6,1630,21,1,0,376,330,799,437
113,6,1630,22,1,0,379,306,664,447
113,6,1630,23,1,0,379,310,701,300
114,1,2160,1,2,2,204,290,1100,605
114,1,2160,2,1,0,206,282,947,533
114,1,2160,3,3,3,207,296,1587,1015
114,1,2160,4,2,3,208,300,1038,597
114,1,2160,5,1,0,208,291,967,290
114,1,2160,6,10,19,211,282,1244,910
114,1,2160,7,1,0,211,304,1417,1241
114,1,2160,8,1,0,212,288,1295,565
114,1,2160,9,4,5,213,297,1482,961
114,1,2160,10,1,0,212,320,901,59
114,1,2160,11,1,0,213,284,1853,1259
114,1,2160,12,2,3,216,287,988,933
114,1,2160,13,2,2,217,284,1321,709
114,1,2160,14,2,2,217,274,1094,480
114,1,2160,15,1,0,217,281,1151,322
114,1,2160,16,1,0,219,285,977,802
114,1,2160,17,1,0,220,294,1106,813
114,1,2160,18,2,2,222,288,1166,973
114,1,2160,19,1,0,222,302,1006,394
114,1,2160,20,1,0,223,293,913,852
114,1,2160,21,1,0,224,284,1318,987
114,1,2160,22,2,2,224,301,1296,604
114,1,2160,23,1,0,225,295,919,418
114,1,2160,24,2,2,227,303,1976,744
114,1,2160,25,1,0,228,271,1069,684
114,1,2160,26,2,2,229,277,1857,1074
114,1,2160,27,1,0,228,287,1034,355
114,1,2160,28,1,0,230,286,1150,789
114,1,2160,29,1,0,231,282,956,333
114,1,2160,30,5,7,232,288,1145,1058
114,1,2160,31,1,0,233,275,902,849
114,1,2160,32,1,0,235,285,925,554
114,1,2160,33,1,0,243,293,973,487
114,2,2845,1,2,2,262,347,1641,616
114,2,2845,2,2,2,264,366,1578,706
114,2,2845,3,1,0,267,343,1481,1202
114,2,2845,4,1,0,270,344,2517,1156
114,2,2845,5,1,0,270,358,1463,1090
114,2,2845,6,3,5,271,372,1599,877
114,2,2845,7,1,0,273,362,1925,1014
114,2,2845,8,1,0,273,371,1889,801
114,2,2845,9,1,0,275,373,1849,747
114,2,2845,10,3,3,277,342,2112,1069
114,2,2845,11,1,0,276,368,1449,1195
114,2,2845,12,4,5,279,364,1653,1282
114,2,2845,13,1,0,280,369,2155,1532
114,2,2845,14,1,0,283,340,1527,735
114,2,2845,15,1,0,284,342,1640,1507
114,2,2845,16,2,2,285,370,2389,1943
114,2,2845,17,2,2,294,362,2147,1281
114,3,1909,1,2,2,273,181,1146,522
114,3,1909,2,2,2,275,176,1366,474
114,3,1909,3,7,12,277,181,1205,648
114,3,1909,4,5,8,279,175,1243,457
114,3,1909,5,4,6,280,183,1350,629
114,3,1909,6,1,0,281,186,1021,429
114,3,1909,7,1,0,283,172,1072,739
114,3,1909,8,3,3,284,174,1224,749
114,3,1909,9,1,0,284,187,995,621
114,4,1668,1,1,0,260,286,815,460
114,4,1668,2,1,0,262,286,818,617
114,4,1668,3,1,0,264,294,803,444
114,4,1668,4,2,2,271,284,768,476
114,4,1668,5,1,0,273,292,801,321
114,4,1668,6,1,0,273,302,790,346
114,4,1668,7,2,2,278,286,750,467
114,4,1668,8,3,4,278,293,798,657
114,4,1668,9,1,0,277,305,705,310
114,4,1668,10,1,0,286,290,730,532
114,4,1668,11,1,0,288,292,739,138
114,4,1668,12,1,0,293,294,893,394
114,4,1668,13,2,3,299,296,727,376
114,4,1668,14,1,0,299,292,824,583
114,4,1668,15,4,5,300,299,987,525
114,4,1668,16,1,0,307,308,802,320
114,4,1668,17,1,0,312,327,743,235
114,4,1668,18,1,0,317,323,724,516
114,5,1591,1,1,0,295,158,692,154
114,5,1591,2,1,0,296,180,750,419
114,5,1591,3,1,0,298,173,749,172
114,5,1591,4,2,2,299,163,1012,477
114,5,1591,5,2,2,303,167,1000,453
114,5,1591,6,1,0,304,158,952,574
114,5,1591,7,1,0,305,173,784,303
114,5,1591,8,2,2,309,154,911,274
114,5,1591,9,1,0,310,159,917,479
114,5,1591,10,1,0,313,161,918,122
114,5,1591,11,2,3,314,164,689,241
114,5,1591,12,1,0,319,167,907,340
114,5,1591,13,1,0,320,161,761,467
114,5,1591,14,1,0,323,164,865,8
114,5,1591,15,1,0,326,195,837,791
114,5,1591,16,2,2,331,170,898,602
114,6,1614,1,1,0,332,347,761,535
114,6,1614,2,1,0,337,347,751,247
114,6,1614,3,1,0,339,351,709,54
114,6,1614,4,2,2,340,353,693,704
114,6,1614,5,1,0,339,355,696,438
114,6,1614,6,2,2,342,340,878,453
114,6,1614,7,1,0,352,355,689,334
114,6,1614,8,1,0,353,337,669,395
114,6,1614,9,1,0,355,310,735,546
114,6,1614,10,1,0,355,335,644,235
114,6,1614,11,1,0,358,303,725,700
114,6,1614,12,1,0,364,304,982,748
114,6,1614,13,2,2,365,323,667,165
114,6,1614,14,1,0,365,295,739,276
114,6,1614,15,1,0,366,305,668,312
114,6,1614,16,1,0,368,304,639,148
114,6,1614,17,1,0,369,343,719,137
114,6,1614,18,2,2,370,298,677,618
114,6,1614,19,1,0,370,310,673,307
114,6,1614,20,1,0,371,344,822,331
114,6,1614,21,1,0,374,300,632,448
114,6,1614,22,1,0,376,327,711,402
114,6,1614,23,1,0,379,294,805,490
114,6,1614,24,1,0,380,313,734,357
115,1,2235,1,1,0,201,299,1062,742
115,1,2235,2,3,3,207,294,1901,1126
115,1,2235,3,1,0,209,287,1306,1292
115,1,2235,4,1,0,209,293,1184,711
115,1,2235,5,7,7,211,281,1327,696
115,1,2235,6,2,2,212,279,1201,716
115,1,2235,7,1,0,211,304,1746,890
115,1,2235,8,2,3,213,285,1531,1203
115,1,2235,9,2,2,212,289,1250,1006
115,1,2235,10,5,8,214,296,1394,996
115,1,2235,11,1,0,215,290,984,449
115,1,2235,12,4,5,216,286,1253,618
115,1,2235,13,1,0,217,261,1005,935
115,1,2235,14,2,2,217,274,1321,821
115,1,2235,15,1,0,217,281,1124,436
115,1,2235,16,2,2,221,274,1069,714
115,1,2235,17,1,0,220,294,1033,932
115,1,2235,18,1,0,221,283,1282,1150
115,1,2235,19,3,3,222,287,1362,900
115,1,2235,20,1,0,222,290,1043,314
115,1,2235,21,1,0,224,295,1191,421
115,1,2235,22,2,2,224,301,1293,736
115,1,2235,23,2,2,227,303,1508,1121
115,1,2235,24,3,3,228,277,1789,1156
115,1,2235,25,6,9,232,288,1235,934
115,1,2235,26,1,0,234,290,1390,1463
115,1,2235,27,1,0,237,293,1145,719
115,1,2235,28,1,0,238,283,1001,938
115,1,2235,29,1,0,245,307,1356,812
115,2,2865,1,1,0,261,347,1992,794
115,2,2865,2,2,3,264,365,1719,908
115,2,2865,3,2,2,267,344,1750,635
115,2,2865,4,4,8,270,372,1667,1089
115,2,2865,5,1,0,271,346,1687,509
115,2,2865,6,1,0,273,362,1654,1064
115,2,2865,7,1,0,275,368,1629,784
115,2,2865,8,1,0,275,373,2523,1423
115,2,2865,9,3,3,277,342,2245,868
115,2,2865,10,4,5,279,364,1678,1482
115,2,2865,11,3,5,280,370,1886,1001
115,2,2865,12,1,0,283,340,1622,1092
115,2,2865,13,3,4,285,370,2022,1005
115,2,2865,14,1,0,294,362,2504,893
115,3,1863,1,3,6,273,177,1085,404
115,3,1863,2,5,8,275,180,1298,506
115,3,1863,3,5,8,278,175,1297,567
115,3,1863,4,3,3,278,182,1267,539
115,3,1863,5,1,0,278,168,963,731
115,3,1863,6,2,2,280,182,1403,378
115,3,1863,7,1,0,280,184,1061,425
115,3,1863,8,2,2,282,190,1147,630
115,3,1863,9,1,0,283,178,1109,591
115,3,1863,10,2,2,285,174,1623,677
115,4,1622,1,1,0,263,278,895,323
115,4,1622,2,2,2,264,288,764,656
115,4,1622,3,1,0,265,292,861,744
115,4,1622,4,1,0,270,297,721,559
115,4,1622,5,2,2,271,291,777,331
115,4,1622,6,1,0,273,302,702,378
115,4,1622,7,2,2,282,290,776,235
115,4,1622,8,1,0,288,303,738,195
115,4,1622,9,2,2,290,287,761,275
115,4,1622,10,1,0,293,294,742,338
115,4,1622,11,4,4,299,296,824,481
115,4,1622,12,1,0,299,292,736,546
115,4,1622,13,4,5,300,299,991,421
115,4,1622,14,1,0,302,300,663,385
115,4,1622,15,1,0,303,297,706,102
115,5,1512,1,1,0,295,156,686,544
115,5,1512,2,1,0,295,164,677,244
115,5,1512,3,1,0,296,154,610,309
115,5,1512,4,2,2,298,173,683,257
115,5,1512,5,2,2,299,157,634,392
115,5,1512,6,1,0,303,167,1046,319
115,5,1512,7,1,0,305,158,966,635
115,5,1512,8,1,0,305,173,736,98
115,5,1512,9,3,4,310,159,760,248
115,5,1512,10,2,2,313,160,679,199
115,5,1512,11,1,0,313,164,898,313
115,5,1512,12,1,0,319,167,1025,382
115,5,1512,13,1,0,326,195,768,552
115,5,1512,14,3,4,330,170,1091,586
115,6,1609,1,1,0,331,344,660,462
115,6,1609,2,1,0,335,342,623,34
115,6,1609,3,1,0,337,344,1033,558
115,6,1609,4,3,3,339,349,721,722
115,6,1609,5,1,0,339,333,625,331
115,6,1609,6,1,0,339,346,939,706
115,6,1609,7,1,0,342,340,1026,144
115,6,1609,8,1,0,342,351,675,152
115,6,1609,9,1,0,343,336,622,351
115,6,1609,10,2,2,347,338,651,337
115,6,1609,11,3,3,355,310,772,257
115,6,1609,12,1,0,356,354,742,386
115,6,1609,13,1,0,358,303,901,416
115,6,1609,14,1,0,359,309,632,134
115,6,1609,15,1,0,364,300,853,357
115,6,1609,16,1,0,364,329,633,524
115,6,1609,17,1,0,366,302,666,337
115,6,1609,18,1,0,367,323,760,497
115,6,1609,19,1,0,369,310,664,661
115,6,1609,20,1,0,369,340,690,0
115,6,1609,21,1,0,372,303,774,417
115,6,1609,22,1,0,377,327,804,320
115,6,1609,23,1,0,378,317,734,365
116,1,2223,1,1,0,204,305,997,530
116,1,2223,2,3,3,207,294,1448,858
116,1,2223,3,1,0,209,288,1363,1118
116,1,2223,4,7,11,211,281,1208,837
116,1,2223,5,1,0,210,286,1044,1185
116,1,2223,6,2,3,212,290,1072,654
116,1,2223,7,4,5,213,285,1674,996
116,1,2223,8,1,0,212,304,1165,804
116,1,2223,9,5,7,214,295,1324,886
116,1,2223,10,1,0,214,287,1131,975
116,1,2223,11,1,0,216,273,1219,873
116,1,2223,12,3,3,217,286,1322,1056
116,1,2223,13,6,7,222,294,1116,734
116,1,2223,14,1,0,221,274,1260,810
116,1,2223,15,3,3,222,286,1339,794
116,1,2223,16,1,0,222,301,1263,833
116,1,2223,17,1,0,224,283,1284,1108
116,1,2223,18,1,0,224,298,1178,414
116,1,2223,19,1,0,224,300,1288,647
116,1,2223,20,1,0,226,303,2330,1463
116,1,2223,21,4,5,229,277,1739,1240
116,1,2223,22,2,2,231,286,1430,1295
116,1,2223,23,4,5,232,288,1453,904
116,1,2223,24,1,0,235,291,1378,818
116,1,2223,25,1,0,236,267,1042,899
116,1,2223,26,1,0,238,282,989,546
116,1,2223,27,2,2,245,307,1294,747
116,2,2870,1,1,0,264,365,1634,796
116,2,2870,2,1,0,267,344,1725,1142
116,2,2870,3,1,0,267,347,1526,834
116,2,2870,4,3,6,270,371,1512,1045
116,2,2870,5,2,2,270,344,1575,1070
116,2,2870,6,1,0,271,346,1579,337
116,2,2870,7,1,0,273,362,1677,1097
116,2,2870,8,1,0,275,373,2157,938
116,2,2870,9,3,3,277,342,2255,1101
116,2,2870,10,2,3,280,364,1779,1237
116,2,2870,11,4,5,281,370,1773,959
116,2,2870,12,1,0,280,374,1726,1092
116,2,2870,13,3,3,283,370,1946,1165
116,2,2870,14,2,2,286,370,1825,728
116,2,2870,15,1,0,294,362,1791,1138
116,2,2870,16,1,0,296,369,2192,1351
116,3,1847,1,1,0,247,164,1232,530
116,3,1847,2,3,4,274,176,1315,659
116,3,1847,3,6,12,275,181,1212,378
116,3,1847,4,5,6,278,175,1292,598
116,3,1847,5,1,0,278,168,1021,768
116,3,1847,6,2,2,278,182,1269,635
116,3,1847,7,1,0,279,191,1431,748
116,3,1847,8,1,0,280,181,1359,885
116,3,1847,9,1,0,280,185,1016,450
116,3,1847,10,2,2,283,172,1125,460
116,3,1847,11,3,5,284,174,1278,611
116,4,1642,1,1,0,258,287,768,350
116,4,1642,2,1,0,261,286,751,512
116,4,1642,3,1,0,262,277,1087,392
116,4,1642,4,2,2,264,286,766,549
116,4,1642,5,1,0,264,289,723,514
116,4,1642,6,1,0,269,297,727,573
116,4,1642,7,1,0,269,301,714,365
116,4,1642,8,1,0,273,292,828,628
116,4,1642,9,1,0,274,294,683,344
116,4,1642,10,1,0,278,284,700,706
116,4,1642,11,2,2,282,290,891,606
116,4,1642,12,2,2,290,287,906,357
116,4,1642,13,1,0,293,293,767,203
116,4,1642,14,3,3,299,296,915,381
116,4,1642,15,5,8,299,299,985,378
116,4,1642,16,1,0,309,325,696,405
116,4,1642,17,1,0,313,306,683,346
116,5,1530,1,1,0,295,179,665,238
116,5,1530,2,1,0,296,166,703,271
116,5,1530,3,1,0,298,173,824,297
116,5,1530,4,1,0,302,160,652,0
116,5,1530,5,1,0,303,167,792,321
116,5,1530,6,1,0,305,158,809,382
116,5,1530,7,1,0,305,173,631,0
116,5,1530,8,1,0,306,167,800,145
116,5,1530,9,1,0,309,156,763,531
116,5,1530,10,6,8,310,159,788,346
116,5,1530,11,1,0,314,163,719,234
116,5,1530,12,1,0,319,161,639,187
116,5,1530,13,1,0,326,195,1125,750
116,5,1530,14,3,4,330,170,849,540
116,6,1617,1,2,2,341,348,779,566
116,6,1617,2,2,2,342,353,691,274
116,6,1617,3,1,0,342,340,713,114
116,6,1617,4,1,0,347,323,642,64
116,6,1617,5,1,0,350,334,633,476
116,6,1617,6,1,0,351,314,697,537
116,6,1617,7,1,0,353,314,659,122
116,6,1617,8,6,8,356,310,755,479
116,6,1617,9,1,0,363,300,640,287
116,6,1617,10,1,0,366,303,698,204
116,6,1617,11,1,0,370,333,806,309
116,6,1617,12,2,2,370,340,958,253
116,6,1617,13,1,0,371,298,871,703
116,6,1617,14,1,0,371,343,660,193
116,6,1617,15,2,2,373,300,768,472
116,6,1617,16,1,0,375,321,640,474
116,6,1617,17,1,0,375,332,642,614
116,6,1617,18,2,2,379,304,738,550
117,1,2237,1,1,0,201,299,1084,648
117,1,2237,2,1,0,204,285,1172,215
117,1,2237,3,3,3,208,297,1530,825
117,1,2237,4,1,0,209,288,1836,1298
117,1,2237,5,1,0,209,292,982,602
117,1,2237,6,9,14,211,283,1397,932
117,1,2237,7,1,0,210,286,1083,867
117,1,2237,8,2,2,212,288,1378,839
117,1,2237,9,1,0,211,305,1120,496
117,1,2237,10,1,0,212,278,1148,403
117,1,2237,11,5,6,214,295,1256,802
117,1,2237,12,1,0,214,287,1333,1113
117,1,2237,13,1,0,216,273,1045,1118
117,1,2237,14,2,3,217,287,1119,794
117,1,2237,15,1,0,217,266,1115,454
117,1,2237,16,1,0,217,284,1449,787
117,1,2237,17,5,8,222,283,1125,775
117,1,2237,18,1,0,220,294,1444,883
117,1,2237,19,3,3,222,286,1151,787
117,1,2237,20,1,0,222,293,1123,789
117,1,2237,21,1,0,222,301,1099,627
117,1,2237,22,3,4,224,299,1150,562
117,1,2237,23,1,0,225,294,1262,540
117,1,2237,24,2,2,226,303,1877,1034
117,1,2237,25,3,4,228,277,1559,1083
117,1,2237,26,1,0,227,280,983,581
117,1,2237,27,1,0,228,287,1265,337
117,1,2237,28,3,5,232,288,1260,754
117,1,2237,29,1,0,234,285,1021,582
117,1,2237,30,1,0,234,290,1204,495
117,1,2237,31,1,0,238,284,995,565
117,1,2237,32,1,0,244,307,1218,462
117,2,2855,1,1,0,261,353,1436,866
117,2,2855,2,2,2,265,365,1781,944
117,2,2855,3,1,0,267,344,1778,1058
117,2,2855,4,2,2,270,370,1566,457
117,2,2855,5,2,2,270,344,1745,1078
117,2,2855,6,1,0,270,346,1463,452
117,2,2855,7,1,0,270,358,1727,1037
117,2,2855,8,3,3,273,362,1769,849
117,2,2855,9,1,0,272,371,1439,958
117,2,2855,10,1,0,275,368,1606,765
117,2,2855,11,1,0,275,373,2246,1140
117,2,2855,12,2,2,277,343,2601,1061
117,2,2855,13,1,0,278,364,1461,581
117,2,2855,14,1,0,280,363,1446,1172
117,2,2855,15,4,5,281,370,2374,991
117,2,2855,16,1,0,286,370,1638,835
117,2,2855,17,2,2,294,362,1689,808
117,2,2855,18,1,0,296,369,1909,1355
117,3,1847,1,3,4,274,176,1143,495
117,3,1847,2,8,17,276,181,1155,539
117,3,1847,3,1,0,275,162,974,536
117,3,1847,4,5,7,278,175,1306,680
117,3,1847,5,2,2,278,190,1083,602
117,3,1847,6,1,0,280,185,1242,585
117,3,1847,7,1,0,281,181,1465,484
117,3,1847,8,5,6,284,174,1331,488
117,4,1665,1,1,0,257,281,796,444
117,4,1665,2,1,0,259,286,906,649
117,4,1665,3,1,0,260,282,717,532
117,4,1665,4,1,0,261,275,713,536
117,4,1665,5,1,0,263,278,732,818
117,4,1665,6,1,0,265,278,841,576
117,4,1665,7,2,3,267,290,832,500
117,4,1665,8,1,0,268,295,720,650
117,4,1665,9,1,0,272,293,724,560
117,4,1665,10,1,0,273,291,849,463
117,4,1665,11,1,0,273,296,708,636
117,4,1665,12,1,0,275,294,827,529
117,4,1665,13,1,0,276,288,726,464
117,4,1665,14,1,0,277,285,786,386
117,4,1665,15,1,0,285,284,709,0
117,4,1665,16,1,0,296,324,729,240
117,4,1665,17,7,12,299,297,949,415
117,4,1665,18,1,0,299,292,877,277
117,4,1665,19,1,0,321,314,718,476
117,5,1588,1,1,0,297,152,683,294
117,5,1588,2,2,2,298,173,809,501
117,5,1588,3,1,0,299,150,713,702
117,5,1588,4,3,3,303,167,827,344
117,5,1588,5,1,0,304,158,872,109
117,5,1588,6,1,0,305,173,669,225
117,5,1588,7,4,6,310,158,1089,457
117,5,1588,8,1,0,313,200,675,116
117,5,1588,9,1,0,318,161,745,211
117,5,1588,10,1,0,321,163,742,269
117,5,1588,11,1,0,326,195,681,510
117,5,1588,12,2,3,330,170,1369,512
117,5,1588,13,2,2,333,172,737,155
117,6,1631,1,1,0,332,344,727,449
117,6,1631,2,1,0,335,345,682,289
117,6,1631,3,1,0,338,342,793,511
117,6,1631,4,1,0,338,345,665,498
117,6,1631,5,2,3,339,350,672,622
117,6,1631,6,1,0,340,347,665,286
117,6,1631,7,1,0,342,340,830,119
117,6,1631,8,1,0,345,353,906,484
117,6,1631,9,3,3,356,310,802,446
117,6,1631,10,1,0,358,311,806,747
117,6,1631,11,2,2,360,333,789,308
117,6,1631,12,1,0,360,304,699,520
117,6,1631,13,1,0,367,322,665,373
117,6,1631,14,3,3,370,339,707,207
117,6,1631,15,1,0,369,346,715,177
117,6,1631,16,2,2,371,298,812,473
117,6,1631,17,1,0,372,341,667,251
117,6,1631,18,1,0,375,303,764,400
117,6,1631,19,1,0,376,330,787,642
117,6,1631,20,1,0,379,292,682,240
117,6,1631,21,1,0,379,304,658,448
118,1,2231,1,1,0,203,287,1529,303
118,1,2231,2,5,5,207,300,1651,909
118,1,2231,3,4,4,210,285,1496,987
118,1,2231,4,1,0,209,288,1539,1038
118,1,2231,5,7,7,211,281,1417,973
118,1,2231,6,2,2,212,304,1130,721
118,1,2231,7,1,0,212,263,994,652
118,1,2231,8,2,2,213,285,1993,1537
118,1,2231,9,5,8,213,288,1169,676
118,1,2231,10,4,4,214,296,1208,771
118,1,2231,11,7,8,217,286,1227,561
118,1,2231,12,1,0,220,283,981,736
118,1,2231,13,2,2,220,294,1310,775
118,1,2231,14,1,0,222,287,1369,712
118,1,2231,15,1,0,222,293,1144,620
118,1,2231,16,1,0,222,301,1001,357
118,1,2231,17,1,0,223,283,1133,1161
118,1,2231,18,1,0,224,299,1206,1101
118,1,2231,19,3,3,225,303,1577,1099
118,1,2231,20,1,0,227,265,1183,710
118,1,2231,21,3,4,228,277,1699,949
118,1,2231,22,1,0,227,279,1147,720
118,1,2231,23,3,3,232,289,1379,1070
118,1,2231,24,2,2,234,285,1013,1040
118,2,2794,1,1,0,263,364,1451,653
118,2,2794,2,1,0,265,370,1753,924
118,2,2794,3,2,2,267,344,1959,1051
118,2,2794,4,2,3,270,370,1829,972
118,2,2794,5,1,0,270,343,1758,1254
118,2,2794,6,1,0,270,346,1524,538
118,2,2794,7,1,0,270,358,1548,1213
118,2,2794,8,1,0,273,362,1869,1210
118,2,2794,9,1,0,275,367,1646,390
118,2,2794,10,1,0,275,373,2376,1277
118,2,2794,11,3,3,277,343,2123,1024
118,2,2794,12,1,0,277,369,1519,834
118,2,2794,13,2,2,279,364,1436,1285
118,2,2794,14,6,8,281,370,1880,961
118,2,2794,15,2,2,283,340,1862,709
118,2,2794,16,1,0,288,370,1446,903
118,2,2794,17,1,0,293,362,1624,718
118,3,1846,1,1,0,247,164,1020,383
118,3,1846,2,1,0,250,179,955,422
118,3,1846,3,1,0,266,151,1041,119
118,3,1846,4,1,0,270,179,1171,272
118,3,1846,5,4,5,274,176,1247,501
118,3,1846,6,2,2,274,181,1307,388
118,3,1846,7,1,0,276,179,1037,332
118,3,1846,8,1,0,276,182,974,662
118,3,1846,9,1,0,277,169,1185,257
118,3,1846,10,5,7,279,175,1355,584
118,3,1846,11,2,2,278,182,1202,577
118,3,1846,12,1,0,281,181,1221,615
118,3,1846,13,4,4,284,175,1516,500
118,4,1662,1,1,0,259,279,723,438
118,4,1662,2,1,0,259,286,706,1072
118,4,1662,3,3,4,265,291,708,503
118,4,1662,4,4,8,271,284,809,573
118,4,1662,5,1,0,270,289,713,402
118,4,1662,6,1,0,273,305,804,469
118,4,1662,7,1,0,275,294,705,422
118,4,1662,8,1,0,276,288,880,592
118,4,1662,9,1,0,277,285,742,483
118,4,1662,10,1,0,290,287,1035,415
118,4,1662,11,1,0,293,294,782,249
118,4,1662,12,1,0,297,294,715,141
118,4,1662,13,1,0,298,296,894,351
118,4,1662,14,5,8,299,299,894,446
118,4,1662,15,1,0,305,295,742,304
118,4,1662,16,1,0,313,324,960,624
118,4,1662,17,1,0,314,316,746,362
118,5,1549,1,3,3,298,172,832,298
118,5,1549,2,1,0,301,172,725,438
118,5,1549,3,1,0,303,167,721,343
118,5,1549,4,1,0,305,158,702,543
118,5,1549,5,1,0,305,173,1144,282
118,5,1549,6,4,5,309,159,1124,518
118,5,1549,7,1,0,309,176,670,134
118,5,1549,8,1,0,313,160,1017,94
118,5,1549,9,2,2,321,164,918,379
118,5,1549,10,4,4,331,171,1007,463
118,5,1549,11,1,0,333,172,885,277
118,5,1549,12,1,0,339,184,796,450
118,6,1593,1,1,0,337,335,669,166
118,6,1593,2,2,3,338,348,666,445
118,6,1593,3,1,0,337,353,663,701
118,6,1593,4,1,0,338,345,709,291
118,6,1593,5,1,0,339,354,714,799
118,6,1593,6,3,5,341,349,758,524
118,6,1593,7,1,0,342,326,677,287
118,6,1593,8,1,0,344,353,782,707
118,6,1593,9,1,0,345,337,743,550
118,6,1593,10,1,0,351,314,821,475
118,6,1593,11,4,7,356,310,776,376
118,6,1593,12,1,0,363,303,789,405
118,6,1593,13,1,0,363,305,737,243
118,6,1593,14,2,2,371,338,640,190
118,6,1593,15,1,0,370,340,698,459
118,6,1593,16,1,0,371,342,633,140
118,6,1593,17,1,0,373,313,637,334
118,6,1593,18,1,0,374,317,884,0
118,6,1593,19,2,3,376,330,617,233
118,6,1593,20,1,0,380,293,779,493
118,6,1593,21,1,0,381,297,626,253
119,1,2206,1,2,2,203,287,1117,636
119,1,2206,2,5,5,207,301,1449,625
119,1,2206,3,8,11,211,285,1287,858
119,1,2206,4,1,0,208,288,1680,1207
119,1,2206,5,3,4,211,282,1680,1073
119,1,2206,6,1,0,210,293,1375,802
119,1,2206,7,2,2,212,280,987,647
119,1,2206,8,1,0,212,290,993,629
119,1,2206,9,2,2,214,296,1018,681
119,1,2206,10,8,13,216,286,1129,787
119,1,2206,11,1,0,214,294,1066,525
119,1,2206,12,1,0,217,282,1139,884
119,1,2206,13,2,3,220,289,1112,760
119,1,2206,14,2,2,221,283,998,999
119,1,2206,15,3,3,220,294,1334,879
119,1,2206,16,2,2,223,286,1174,807
119,1,2206,17,1,0,223,293,1034,767
119,1,2206,18,2,2,224,298,1168,641
119,1,2206,19,3,3,224,301,1678,903
119,1,2206,20,1,0,224,261,1069,617
119,1,2206,21,4,7,229,277,1417,790
119,1,2206,22,4,6,232,289,1026,707
119,1,2206,23,1,0,235,292,1233,651
119,2,2743,1,1,0,263,365,1447,592
119,2,2743,2,2,2,267,345,1782,894
119,2,2743,3,2,2,270,343,1537,986
119,2,2743,4,2,2,269,370,1712,1158
119,2,2743,5,1,0,270,345,1519,522
119,2,2743,6,2,2,273,362,1472,657
119,2,2743,7,1,0,273,371,1631,1108
119,2,2743,8,2,2,275,373,2035,1011
119,2,2743,9,1,0,275,367,1696,748
119,2,2743,10,3,3,277,343,1815,775
119,2,2743,11,1,0,277,369,1508,821
119,2,2743,12,6,10,281,370,1869,801
119,2,2743,13,1,0,283,340,1637,954
119,2,2743,14,1,0,285,370,1423,925
119,2,2743,15,1,0,292,357,1609,710
119,2,2743,16,2,2,294,362,1374,711
119,3,1852,1,1,0,247,164,1492,557
119,3,1852,2,1,0,250,179,963,495
119,3,1852,3,1,0,270,179,1110,929
119,3,1852,4,2,2,274,181,1180,659
119,3,1852,5,2,2,275,176,1023,330
119,3,1852,6,5,8,277,181,1205,510
119,3,1852,7,1,0,276,186,1279,541
119,3,1852,8,1,0,277,169,1193,512
119,3,1852,9,5,5,278,175,1384,560
119,3,1852,10,1,0,280,185,1212,431
119,3,1852,11,1,0,281,181,1411,647
119,3,1852,12,4,4,284,175,1402,602
119,4,1601,1,2,2,261,285,803,440
119,4,1601,2,1,0,261,287,687,479
119,4,1601,3,1,0,264,293,650,981
119,4,1601,4,1,0,269,288,794,533
119,4,1601,5,1,0,270,284,725,600
119,4,1601,6,1,0,273,291,656,0
119,4,1601,7,1,0,277,293,736,612
119,4,1601,8,1,0,281,290,1061,254
119,4,1601,9,1,0,283,283,693,429
119,4,1601,10,1,0,289,306,748,269
119,4,1601,11,1,0,290,287,790,497
119,4,1601,12,1,0,294,289,758,174
119,4,1601,13,3,3,299,296,829,499
119,4,1601,14,6,7,299,299,1020,360
119,4,1601,15,2,2,303,300,719,395
119,4,1601,16,1,0,305,300,839,681
119,4,1601,17,1,0,316,324,719,612
119,5,1584,1,1,0,294,173,740,339
119,5,1584,2,1,0,295,163,756,300
119,5,1584,3,1,0,295,179,672,213
119,5,1584,4,2,2,298,172,861,108
119,5,1584,5,1,0,298,163,765,356
119,5,1584,6,2,2,304,167,1046,351
119,5,1584,7,3,3,309,158,1057,648
119,5,1584,8,1,0,312,160,734,0
119,5,1584,9,1,0,312,164,901,66
119,5,1584,10,1,0,319,161,688,108
119,5,1584,11,1,0,321,163,968,687
119,5,1584,12,1,0,322,198,667,377
119,5,1584,13,1,0,326,195,779,576
119,5,1584,14,5,9,331,170,829,395
119,6,1595,1,1,0,333,344,710,576
119,6,1595,2,1,0,337,345,660,530
119,6,1595,3,1,0,339,350,626,622
119,6,1595,4,1,0,340,334,840,167
119,6,1595,5,1,0,340,353,728,526
119,6,1595,6,1,0,342,340,995,604
119,6,1595,7,1,0,346,340,681,388
119,6,1595,8,1,0,346,353,645,356
119,6,1595,9,1,0,350,340,693,246
119,6,1595,10,1,0,353,314,944,447
119,6,1595,11,3,5,355,310,857,618
119,6,1595,12,1,0,358,343,711,501
119,6,1595,13,1,0,359,352,648,386
119,6,1595,14,1,0,364,322,648,373
119,6,1595,15,1,0,365,326,652,269
119,6,1595,16,1,0,368,303,703,218
119,6,1595,17,2,3,369,346,752,317
119,6,1595,18,2,3,370,340,717,195
119,6,1595,19,1,0,369,343,774,90
119,6,1595,20,1,0,370,297,724,647
119,6,1595,21,1,0,372,294,617,433
119,6,1595,22,1,0,373,299,646,515
119,6,1595,23,1,0,376,330,670,465
119,6,1595,24,1,0,380,295,642,714
120,1,2238,1,1,0,203,286,1049,781
120,1,2238,2,3,3,207,301,1673,980
120,1,2238,3,17,26,211,283,1296,938
120,1,2238,4,2,2,209,288,1100,793
120,1,2238,5,1,0,211,288,1045,1149
120,1,2238,6,1,0,213,296,1109,452
120,1,2238,7,1,0,214,288,1345,704
120,1,2238,8,7,9,217,286,1224,731
120,1,2238,9,1,0,217,264,1164,545
120,1,2238,10,1,0,217,290,992,647
120,1,2238,11,1,0,219,289,1101,662
120,1,2238,12,3,4,221,294,1451,1080
120,1,2238,13,1,0,221,283,1233,1083
120,1,2238,14,1,0,221,299,1390,581
120,1,2238,15,1,0,222,276,1116,586
120,1,2238,16,3,3,222,286,1188,772
120,1,2238,17,1,0,223,301,1713,1033
120,1,2238,18,2,2,225,298,1363,878
120,1,2238,19,1,0,227,278,1373,1037
120,1,2238,20,2,3,229,269,994,578
120,1,2238,21,2,3,229,283,1005,539
120,1,2238,22,1,0,229,278,1844,1147
120,1,2238,23,4,7,233,289,1192,588
120,1,2238,24,1,0,234,281,1081,536
120,1,2238,25,1,0,236,292,1075,859
120,1,2238,26,1,0,240,291,985,693
120,1,2238,27,1,0,245,307,1038,497
120,2,2687,1,1,0,265,370,2183,754
120,2,2687,2,4,4,268,344,1431,739
120,2,2687,3,3,6,269,370,1856,830
120,2,2687,4,1,0,270,343,1279,835
120,2,2687,5,1,0,270,358,1280,1388
120,2,2687,6,1,0,273,362,1503,694
120,2,2687,7,1,0,273,371,1698,911
120,2,2687,8,1,0,275,373,2510,701
120,2,2687,9,3,3,277,342,2249,730
120,2,2687,10,2,2,276,368,1308,752
120,2,2687,11,3,3,279,363,1294,884
120,2,2687,12,4,5,281,370,1895,929
120,2,2687,13,1,0,282,340,1563,811
120,2,2687,14,1,0,284,340,1320,1199
120,2,2687,15,1,0,293,362,1520,965
120,3,1812,1,1,0,247,164,1241,568
120,3,1812,2,1,0,270,179,1277,704
120,3,1812,3,1,0,273,181,1278,810
120,3,1812,4,2,2,275,176,1045,615
120,3,1812,5,5,8,276,181,1139,618
120,3,1812,6,2,3,278,169,1061,479
120,3,1812,7,4,4,279,176,1455,577
120,3,1812,8,1,0,280,169,990,635
120,3,1812,9,2,2,281,181,1281,544
120,3,1812,10,1,0,280,185,1181,926
120,3,1812,11,5,7,283,174,1223,441
120,4,1640,1,2,3,259,282,746,336
120,4,1640,2,1,0,260,286,775,528
120,4,1640,3,1,0,261,280,763,684
120,4,1640,4,1,0,264,287,690,484
120,4,1640,5,1,0,272,294,766,456
120,4,1640,6,1,0,274,281,737,354
120,4,1640,7,1,0,275,285,750,778
120,4,1640,8,1,0,281,290,977,607
120,4,1640,9,1,0,287,290,740,468
120,4,1640,10,1,0,287,301,785,524
120,4,1640,11,1,0,293,296,815,277
120,4,1640,12,6,13,299,298,900,349
120,4,1640,13,1,0,299,292,814,234
120,4,1640,14,1,0,300,320,701,306
120,4,1640,15,1,0,303,298,837,298
120,4,1640,16,2,3,305,301,711,356
120,4,1640,17,1,0,312,325,706,200
120,4,1640,18,2,3,314,327,904,440
120,5,1634,1,1,0,294,173,849,493
120,5,1634,2,1,0,297,181,941,164
120,5,1634,3,1,0,298,172,818,412
120,5,1634,4,1,0,299,155,764,347
120,5,1634,5,2,2,303,167,1034,321
120,5,1634,6,1,0,305,159,734,112
120,5,1634,7,1,0,305,172,1210,317
120,5,1634,8,2,2,307,165,772,321
120,5,1634,9,4,5,309,159,979,499
120,5,1634,10,1,0,321,163,1271,844
120,5,1634,11,1,0,322,198,757,414
120,5,1634,12,2,2,327,195,776,567
120,5,1634,13,2,2,331,170,1021,669
120,5,1634,14,1,0,333,172,1009,493
120,6,1596,1,1,0,336,346,748,552
120,6,1596,2,1,0,336,355,633,484
120,6,1596,3,1,0,338,343,678,535
120,6,1596,4,1,0,338,345,633,224
120,6,1596,5,1,0,338,350,611,520
120,6,1596,6,1,0,344,328,723,363
120,6,1596,7,1,0,347,334,808,124
120,6,1596,8,1,0,349,346,611,397
120,6,1596,9,1,0,351,314,642,341
120,6,1596,10,1,0,353,314,668,428
120,6,1596,11,2,2,356,310,1049,583
120,6,1596,12,1,0,355,341,635,180
120,6,1596,13,1,0,357,312,649,572
120,6,1596,14,1,0,359,308,611,162
120,6,1596,15,1,0,361,299,627,301
120,6,1596,16,1,0,363,331,679,284
120,6,1596,17,1,0,367,324,749,311
120,6,1596,18,1,0,368,344,739,161
120,6,1596,19,1,0,369,292,643,69
120,6,1596,20,3,3,370,340,938,298
120,6,1596,21,1,0,372,340,639,384
120,6,1596,22,1,0,375,296,659,328
120,6,1596,23,2,2,376,330,729,451
120,6,1596,24,1,0,378,291,640,393
120,6,1596,25,1,0,378,319,795,0
121,1,2212,1,1,0,203,286,1296,914
121,1,2212,2,1,0,204,316,989,346
121,1,2212,3,3,3,207,299,2212,968
121,1,2212,4,9,13,211,285,1410,997
121,1,2212,5,2,2,208,289,1235,999
121,1,2212,6,8,9,211,281,1445,1073
121,1,2212,7,1,0,211,264,972,966
121,1,2212,8,1,0,211,290,999,911
121,1,2212,9,1,0,211,296,1040,1041
121,1,2212,10,1,0,211,305,980,955
121,1,2212,11,4,5,213,296,1177,862
121,1,2212,12,1,0,214,288,1306,906
121,1,2212,13,4,6,217,285,1303,562
121,1,2212,14,1,0,221,283,1219,503
121,1,2212,15,2,2,222,294,1497,797
121,1,2212,16,1,0,221,299,1100,406
121,1,2212,17,3,3,222,286,1127,723
121,1,2212,18,1,0,223,301,1650,1234
121,1,2212,19,3,3,224,298,1511,701
121,1,2212,20,3,4,228,278,1696,930
121,1,2212,21,2,2,232,287,1319,1043
121,1,2212,22,3,4,233,289,1146,621
121,1,2212,23,1,0,235,265,1026,363
121,1,2212,24,1,0,235,280,1038,744
121,1,2212,25,1,0,240,291,1005,567
121,1,2212,26,1,0,244,307,1023,670
121,2,2787,1,1,0,260,352,1448,801
121,2,2787,2,1,0,262,347,1632,787
121,2,2787,3,2,2,264,365,1499,880
121,2,2787,4,1,0,265,370,2248,656
121,2,2787,5,2,2,268,344,1642,889
121,2,2787,6,3,6,269,370,1419,725
121,2,2787,7,1,0,269,342,1535,935
121,2,2787,8,1,0,269,366,1770,777
121,2,2787,9,1,0,270,373,1541,1096
121,2,2787,10,1,0,271,345,1567,728
121,2,2787,11,2,2,273,362,1655,884
121,2,2787,12,1,0,275,373,2042,885
121,2,2787,13,2,2,277,342,2412,1262
121,2,2787,14,1,0,278,365,1731,888
121,2,2787,15,1,0,279,363,1544,680
121,2,2787,16,5,6,281,369,1984,1144
121,2,2787,17,1,0,292,357,1792,921
121,2,2787,18,1,0,293,362,1995,779
121,3,1770,1,1,0,250,179,1010,747
121,3,1770,2,9,17,277,176,1141,534
121,3,1770,3,2,2,274,181,1238,647
121,3,1770,4,1,0,275,163,877,480
121,3,1770,5,5,7,277,181,1103,454
121,3,1770,6,1,0,276,185,1434,598
121,3,1770,7,1,0,278,168,913,752
121,3,1770,8,1,0,280,185,1713,784
121,3,1770,9,2,2,281,182,1324,722
121,3,1770,10,3,3,284,174,1343,570
121,4,1660,1,1,0,259,281,919,421
121,4,1660,2,1,0,260,283,951,478
121,4,1660,3,1,0,261,287,713,460
121,4,1660,4,1,0,264,278,865,679
121,4,1660,5,1,0,272,290,831,568
121,4,1660,6,1,0,273,301,770,304
121,4,1660,7,1,0,275,285,704,463
121,4,1660,8,1,0,276,288,817,749
121,4,1660,9,1,0,276,293,747,753
121,4,1660,10,1,0,278,290,782,223
121,4,1660,11,2,2,282,290,1082,401
121,4,1660,12,1,0,295,289,746,277
121,4,1660,13,1,0,297,294,727,704
121,4,1660,14,4,5,299,296,833,389
121,4,1660,15,1,0,299,292,880,745
121,4,1660,16,1,0,299,300,736,129
121,4,1660,17,1,0,302,300,842,481
121,4,1660,18,1,0,304,300,1013,143
121,4,1660,19,1,0,305,306,700,271
121,4,1660,20,1,0,311,299,712,470
121,4,1660,21,1,0,312,326,799,239
121,4,1660,22,1,0,315,314,788,602
121,5,1613,1,1,0,296,175,735,415
121,5,1613,2,1,0,297,181,983,259
121,5,1613,3,2,2,303,167,896,442
121,5,1613,4,1,0,307,164,1043,362
121,5,1613,5,4,6,309,158,988,382
121,5,1613,6,1,0,312,160,945,0
121,5,1613,7,1,0,313,163,818,0
121,5,1613,8,1,0,314,200,730,489
121,5,1613,9,2,2,321,163,934,488
121,5,1613,10,2,2,326,196,1022,351
121,5,1613,11,2,2,331,170,918,609
121,5,1613,12,2,2,333,172,864,435
121,5,1613,13,1,0,339,184,729,397
121,6,1590,1,1,0,336,344,606,446
121,6,1590,2,1,0,336,348,624,341
121,6,1590,3,1,0,339,335,757,227
121,6,1590,4,1,0,339,346,755,296
121,6,1590,5,1,0,340,349,616,656
121,6,1590,6,1,0,342,340,1014,297
121,6,1590,7,1,0,344,357,621,358
121,6,1590,8,1,0,345,339,620,126
121,6,1590,9,1,0,346,337,638,388
121,6,1590,10,1,0,346,344,660,196
121,6,1590,11,2,2,355,310,929,545
121,6,1590,12,1,0,357,312,699,247
121,6,1590,13,1,0,363,305,620,483
121,6,1590,14,1,0,363,312,764,424
121,6,1590,15,1,0,363,329,758,624
121,6,1590,16,1,0,365,352,724,0
121,6,1590,17,4,5,370,340,825,384
121,6,1590,18,1,0,370,303,637,419
121,6,1590,19,1,0,371,296,612,271
121,6,1590,20,1,0,373,296,635,234
121,6,1590,21,1,0,374,298,608,431
121,6,1590,22,1,0,379,291,653,288
121,6,1590,23,1,0,379,293,641,222
121,6,1590,24,1,0,379,304,657,665
